1.09390181
1.09542899
1.09239487
1.09382488
1.09103743
1.08688668
1.08732135
1.08785454
1.08951360
1.09288715
1.09325805
1.09184091
1.09315257
1.09317383
1.09181293
1.09463713
1.09694833
1.09541284
1.09552925
1.09661348
1.09566761
1.09669231
1.09807510
1.09475076
1.09102240
1.08844556
1.08312466
1.07866987
1.08019852
1.08175335
1.07993154
1.07772360
1.07678915
1.07553788
1.07391979
1.07274191
1.07227171
1.07117387
1.06856313
1.06690173
1.06832830
1.07046731
1.07159933
1.07274049
1.07643680
1.07952135
1.07841586
1.07749721
1.08229506
1.08878978
1.09132250
1.09357923
1.09824665
1.10118737
1.10041224
1.09924377
1.09823957
1.09792512
1.09894690
1.09934071
1.09868987
1.09909436
1.10172913
1.10471478
1.10504350
1.10090461
1.09761593
1.09856866
1.09963164
1.10162938
1.10617200
1.10915792
1.10969992
1.10809987
1.10729942
1.11624772
1.13414545
1.14688280
1.15541497
1.17020173
1.19039008
1.20234807
1.19248761
1.15836396
1.11525133
1.08220009
1.06292630
1.03666299
0.98765064
0.94746632
0.95867806
1.00589249
1.04800419
1.07799904
1.10359018
1.12019797
1.12683035
1.12755937
1.12123444
1.11115125
1.10548041
1.10421244
1.10390678
1.10458618
1.10514796
1.10405098
1.10523004
1.11041062
1.11308957
1.11284634
1.11411046
1.11377444
1.11244012
1.11444327
1.11570065
1.11409829
1.11383265
1.11351632
1.11415246
1.11785788
1.11802543
1.11509358
1.11564204
1.11723189
1.11627291
1.11507910
1.11543186
1.11742608
1.11830091
1.11747090
1.11851318
1.11860518
1.11725837
1.11964699
1.12078463
1.11617515
1.11564952
1.11946329
1.11952315
1.11921410
1.12116333
1.12193576
1.12369343
1.12497482
1.12332375
1.12288508
1.12317187
1.12214644
1.12340596
1.12557302
1.12375224
1.12288075
1.12451393
1.12497757
1.12482543
1.12622823
1.12776719
1.12572246
1.12146633
1.12018377
1.12186443
1.12299205
1.12435979
1.12563140
1.12543388
1.12453295
1.12290248
1.11874518
1.11595260
1.11590537
1.11355526
1.10893097
1.10661332
1.10519492
1.10166358
1.10004430
1.10086774
1.09923303
1.09590444
1.09512541
1.09429173
1.09153270
1.09029175
1.08988372
1.08992459
1.09041117
1.08956203
1.08816671
1.08901853
1.09020007
1.09235994
1.09607235
1.09549872
1.09211443
1.09083482
1.08981757
1.09092744
1.09469341
1.09467580
1.09407837
1.09723121
1.09774450
1.09534686
1.09671323
1.09901524
1.09867989
1.09630450
1.09499410
1.09601340
1.09705917
1.09735606
1.09920063
1.10091954
1.10127185
1.10385485
1.10559877
1.10311565
1.10145069
1.10302681
1.10477393
1.10656130
1.10897693
1.11017988
1.10831432
1.10643839
1.10776843
1.10898302
1.10826960
1.10852032
1.10811446
1.10744434
1.10881776
1.10816814
1.10699086
1.10974421
1.11005017
1.10652682
1.10766209
1.11176236
1.11119297
1.10985511
1.11012420
1.11057590
1.10912631
1.10705692
1.10818742
1.11075770
1.11080070
1.11158852
1.11335701
1.11175393
1.11046371
1.11164672
1.11166561
1.11273165
1.11451836
1.11290334
1.11052203
1.10927347
1.10857412
1.11163906
1.11381300
1.11119969
1.11011613
1.11090855
1.10933799
1.10803398
1.10885122
1.11036480
1.11256205
1.11256580
1.11033678
1.11031537
1.11047162
1.10935653
1.11002813
1.11019375
1.10894276
1.10668679
1.10348310
1.10313363
1.10360095
1.10172452
1.10137466
1.10194194
1.09967766
1.10001485
1.10455846
1.10635420
1.10721229
1.10881166
1.10785033
1.10515677
1.10364022
1.10340816
1.10659481
1.10929595
1.10584056
1.10194924
1.10404000
1.10894273
1.11193729
1.11274415
1.11369602
1.11315098
1.11052051
1.10892294
1.10795644
1.10715175
1.10904390
1.11203881
1.11195093
1.11062370
1.10863978
1.10749891
1.11027985
1.11271825
1.11081856
1.11006862
1.10962069
1.10509095
1.10202440
1.10347908
1.10395597
1.10144918
1.09864299
1.09653794
1.09573289
1.09523554
1.09292068
1.09002771
1.09011723
1.09109227
1.08785956
1.08211647
1.07875708
1.07765767
1.07740018
1.08039683
1.08281267
1.08098985
1.07949276
1.08137910
1.08388931
1.08599943
1.08997658
1.09469880
1.09562842
1.09346554
1.09307270
1.09633491
1.10202884
1.10826459
1.11222571
1.11242327
1.11144906
1.10939816
1.10933371
1.11350902
1.11685904
1.11633149
1.11635608
1.11563044
1.11356678
1.11433651
1.11588428
1.11478606
1.11532097
1.11745290
1.11881926
1.11872807
1.11802381
1.11799350
1.11789306
1.11950281
1.13070216
1.14870275
1.16236669
1.17485332
1.19456560
1.21403761
1.22051040
1.20410275
1.16460101
1.12114145
1.09575928
1.08472778
1.06052228
1.01064481
0.96840712
0.97310601
1.01356297
1.05375512
1.08583040
1.11327177
1.13004721
1.13501937
1.13464432
1.12981362
1.12233437
1.11836712
1.11960389
1.12206991
1.12471124
1.12531676
1.12163656
1.11923286
1.12332324
1.12717661
1.12644160
1.12671628
1.12850665
1.12706191
1.12456905
1.12576926
1.12793414
1.12732009
1.12763127
1.12988040
1.12887462
1.12660515
1.12710818
1.12735687
1.12665860
1.12874604
1.12887712
1.12755227
1.13051145
1.13123935
1.12633507
1.12472353
1.12649641
1.12536821
1.12445087
1.12526220
1.12418293
1.12242317
1.12216380
1.12278193
1.12544402
1.12851725
1.12826800
1.12584271
1.12424424
1.12392410
1.12474497
1.12594308
1.12651686
1.12672141
1.12722790
1.12794177
1.12889698
1.13012808
1.13044370
1.12953286
1.12826388
1.12823695
1.12929849
1.13025460
1.12869577
1.12634388
1.12641692
1.12787950
1.12790846
1.12779998
1.12876425
1.12785361
1.12337644
1.12052014
1.12169145
1.12351063
1.11978124
1.11362856
1.11225742
1.11316579
1.11076682
1.10766518
1.10648876
1.10500967
1.10476781
1.10590139
1.10510844
1.10289415
1.10165184
1.10004643
1.09720082
1.09506299
1.09462217
1.09602404
1.09794820
1.09802695
1.09688355
1.09812778
1.09977642
1.09889042
1.09844731
1.10048971
1.10049494
1.09903066
1.09842314
1.09823226
1.09864550
1.10038750
1.10009000
1.09999207
1.10274213
1.10459925
1.10326661
1.10148691
1.10062820
1.10114973
1.10212591
1.10271733
1.10328101
1.10229325
1.10043243
1.10002073
1.10107397
1.10201906
1.10374081
1.10513735
1.10452101
1.10389759
1.10348431
1.10318201
1.10479319
1.10793736
1.10956813
1.10690453
1.10148328
1.10054487
1.10518337
1.10790852
1.10745249
1.10798919
1.10792897
1.10653636
1.10588825
1.10548441
1.10621041
1.10785854
1.10948847
1.11109633
1.11180570
1.10969423
1.10739949
1.10650622
1.10691250
1.10669301
1.10467643
1.10264721
1.10306935
1.10324876
1.10376128
1.10608199
1.10644130
1.10505815
1.10417576
1.10399238
1.10530720
1.10545553
1.10190513
1.10140486
1.10357226
1.10061796
1.09728633
1.09864372
1.10082870
1.10341161
1.10423309
1.10145626
1.10087191
1.10203849
1.10101602
1.10215997
1.10389902
1.10346018
1.10372409
1.10287158
1.09916033
1.09815755
1.09994386
1.09938198
1.09963763
1.10075042
1.09925691
1.09913745
1.10241255
1.10354434
1.10374917
1.10506514
1.10506258
1.10416506
1.10291819
1.10114730
1.10082313
1.10179601
1.10175559
1.10070882
1.09938366
1.09953900
1.10182646
1.10344044
1.10274843
1.10211931
1.10400665
1.10523837
1.10284192
1.10013028
1.10113107
1.10205525
1.10022973
1.10022423
1.09951853
1.09470500
1.09423046
1.10058144
1.10325772
1.10071544
1.09945971
1.09787537
1.09451004
1.09432022
1.09675291
1.09738071
1.09742706
1.09785134
1.09708614
1.09608653
1.09666830
1.09861478
1.09914742
1.09849125
1.09807243
1.09729564
1.09276144
1.08651773
1.08195345
1.08069616
1.08333185
1.08443655
1.08031671
1.07671831
1.07636606
1.07512575
1.07307818
1.07102882
1.06775702
1.06451782
1.06228682
1.06213724
1.06450158
1.06701300
1.06870139
1.07070775
1.07233187
1.07375125
1.07612928
1.07749664
1.07868088
1.08321835
1.08674282
1.08778333
1.09017007
1.09198537
1.09172816
1.09456293
1.09776232
1.09784140
1.09855353
1.09884278
1.09811979
1.09915697
1.09916342
1.09722064
1.09762705
1.09759742
1.09646091
1.09815640
1.10045764
1.10024783
1.10105269
1.10242394
1.10167451
1.10463979
1.11801188
1.13749839
1.15340488
1.16445881
1.17783757
1.19203808
1.19214876
1.16720542
1.12495722
1.08498233
1.06002458
1.04870188
1.03140834
0.99093371
0.94901984
0.94652958
0.98516149
1.03270903
1.07005693
1.09755550
1.11653260
1.12610183
1.12615884
1.11973481
1.11291824
1.10926557
1.10879690
1.11046192
1.11174207
1.11189811
1.11210517
1.11311344
1.11479722
1.11545184
1.11385476
1.11460391
1.11807554
1.11743296
1.11419593
1.11500292
1.11795028
1.11982979
1.12052685
1.12084346
1.12230679
1.12236507
1.11995071
1.12029578
1.12159539
1.12110320
1.12127467
1.12277437
1.12376841
1.12453766
1.12336455
1.12144201
1.12198372
1.12070482
1.12037978
1.12543555
1.12758256
1.12416911
1.12544590
1.12835228
1.12714972
1.12802140
1.13048690
1.13042179
1.12967509
1.12807316
1.12570747
1.12741609
1.12947448
1.12770617
1.12659648
1.12729880
1.12536831
1.12236363
1.12334559
1.12661141
1.12741093
1.12536570
1.12471939
1.12454960
1.12242950
1.12076556
1.12056709
1.12009798
1.12011006
1.12059064
1.11943160
1.11783575
1.11771913
1.11705048
1.11468212
1.11139224
1.10887412
1.10937066
1.10860659
1.10427967
1.10172986
1.10359329
1.10425073
1.10165757
1.09836764
1.09456703
1.09188942
1.09107079
1.09178956
1.09605901
1.10136113
1.10330874
1.10599479
1.11390316
1.12231723
1.12994314
1.13930280
1.14625164
1.14977446
1.15338908
1.15524809
1.15263143
1.14878040
1.14687490
1.14554943
1.14194136
1.13410472
1.12641819
1.12127008
1.11537388
1.11150348
1.11161019
1.11125610
1.10835541
1.10551983
1.10372244
1.10259407
1.10201980
1.10092957
1.10104748
1.10142921
1.10134568
1.10293830
1.10523634
1.10762555
1.10939872
1.10875735
1.10804374
1.10960497
1.10993093
1.10957478
1.11128226
1.11304088
1.11489563
1.11594326
1.11364630
1.11251474
1.11521086
1.11427985
1.11340191
1.11714892
1.11717713
1.11454701
1.11693285
1.11900667
1.11705931
1.11701099
1.11780195
1.11641340
1.11354704
1.11142777
1.11247919
1.11586531
1.11803918
1.11800832
1.11736718
1.11833989
1.11888521
1.11749325
1.11709852
1.11920569
1.12106776
1.12230431
1.12299630
1.12146018
1.12123131
1.12510211
1.12805533
1.12822197
1.12771547
1.12726847
1.12825837
1.12821410
1.12535056
1.12513007
1.12657037
1.12482776
1.12304203
1.12413321
1.12466718
1.12413575
1.12371248
1.12229412
1.11965382
1.11685714
1.11561993
1.11668650
1.11657659
1.11629596
1.11718525
1.11556115
1.11201798
1.11206990
1.11424914
1.11480538
1.11348315
1.11119942
1.11074485
1.11265257
1.11216146
1.10980218
1.10971144
1.10975187
1.10639951
1.10422102
1.10472425
1.10399019
1.10405600
1.10581744
1.10657171
1.10564655
1.10515676
1.10411069
1.10424054
1.10599074
1.10576041
1.10605939
1.11024743
1.11072416
1.10487496
1.10224788
1.10374499
1.10403799
1.10423197
1.10431985
1.10287568
1.10216860
1.10323262
1.10478245
1.10737898
1.10794780
1.10585435
1.10474523
1.10434553
1.10350053
1.10383469
1.10407647
1.10405126
1.10507189
1.10410533
1.10126504
1.10048269
1.09976979
1.09598332
1.09173203
1.08991733
1.08821635
1.08639461
1.08559886
1.08400632
1.08287148
1.08309206
1.08134314
1.07805159
1.07622870
1.07510063
1.07493511
1.07822503
1.08108977
1.08098296
1.08255587
1.08459241
1.08621436
1.08959647
1.09241925
1.09283750
1.09486809
1.09719146
1.09940653
1.10386594
1.10730493
1.10791562
1.10756990
1.10663393
1.10653844
1.10749557
1.10723721
1.10805294
1.10974446
1.10856720
1.10766635
1.10687317
1.10320911
1.10205073
1.10310554
1.10240173
1.10521417
1.10791125
1.10387258
1.10382594
1.10889909
1.11028090
1.11705988
1.13550825
1.15200058
1.16397992
1.17893035
1.19639198
1.20836834
1.20172807
1.16901757
1.12338098
1.08670719
1.06639463
1.04690588
1.00762583
0.96261099
0.95363860
0.98859322
1.03690778
1.07487826
1.10287746
1.12561038
1.13841885
1.13889700
1.13305355
1.12576608
1.11785159
1.11472891
1.11576796
1.11665827
1.11756388
1.11900343
1.12097862
1.12285131
1.12319720
1.12360530
1.12357464
1.11944310
1.11542610
1.11613102
1.11733251
1.11994006
1.12366175
1.12173683
1.11870118
1.12079606
1.12006454
1.11448917
1.11434957
1.11926031
1.12287108
1.12317788
1.12434011
1.12866317
1.13000931
1.12616929
1.12539240
1.12531978
1.11976388
1.11575358
1.11866954
1.12202558
1.12394073
1.12393632
1.12246726
1.12296264
1.12427022
1.12285457
1.12038894
1.11900746
1.11903075
1.12016081
1.12021034
1.12048548
1.12190845
1.12314716
1.12447243
1.12473312
1.12278744
1.12293898
1.12440404
1.12172097
1.11838444
1.12064085
1.12406593
1.12306587
1.12010102
1.11753177
1.11554037
1.11492998
1.11377708
1.11208382
1.11187682
1.11377007
1.11313837
1.10988876
1.10886050
1.10955651
1.10884756
1.10869174
1.10933560
1.10836792
1.10661420
1.10527884
1.10201699
1.09603116
1.09169140
1.09362008
1.09750225
1.09715030
1.09446424
1.09298545
1.09415834
1.09634558
1.09593450
1.09519534
1.09770859
1.09841383
1.09640205
1.09975475
1.10563496
1.10609100
1.10417900
1.10304785
1.10192523
1.10158877
1.10191379
1.10102208
1.09968382
1.10061636
1.10472209
1.10682462
1.10217190
1.09786892
1.09888882
1.09962240
1.10131678
1.10357045
1.10340674
1.10285812
1.10177600
1.09948162
1.10355775
1.10925031
1.10507672
1.10027488
1.10270640
1.10312279
1.10033493
1.10213679
1.10639287
1.10829258
1.10761859
1.10558103
1.10239928
1.09971046
1.10127941
1.10609577
1.10723096
1.10492759
1.10372004
1.10223329
1.10149927
1.10335487
1.10524801
1.10708011
1.10690692
1.10330542
1.10349371
1.10659526
1.10475582
1.10267991
1.10406952
1.10434870
1.10500509
1.10529393
1.10190655
1.10046956
1.10207135
1.10091385
1.10049807
1.10252990
1.10356532
1.10391963
1.10238626
1.09973919
1.10096703
1.10228186
1.10018718
1.10068868
1.10493972
1.10844653
1.10847955
1.10232029
1.09583584
1.09631103
1.09991746
1.10212486
1.10363106
1.10213344
1.09923723
1.10006958
1.10303784
1.10454572
1.10263278
1.10041692
1.10170440
1.10266140
1.10136157
1.10140180
1.10157186
1.10116944
1.10238904
1.10215412
1.10168502
1.10429946
1.10549940
1.10409397
1.10325409
1.10213126
1.10243030
1.10284216
1.10065785
1.10199153
1.10679027
1.10507284
1.10185529
1.10464784
1.10426546
1.10050429
1.10125574
1.10347583
1.10428140
1.10515124
1.10253141
1.09958361
1.10216474
1.10393803
1.10291676
1.10373190
1.10381178
1.10115515
1.10048060
1.10383710
1.10817700
1.10962013
1.10849171
1.10765774
1.10589703
1.10277469
1.10343182
1.10693499
1.10804238
1.10895122
1.10895263
1.10317261
1.09628983
1.09323687
1.08999508
1.08771426
1.08902217
1.08859969
1.08813107
1.09138354
1.09063147
1.08481394
1.08282598
1.08368995
1.08261620
1.08194264
1.08128649
1.08061445
1.08339819
1.08759836
1.08944422
1.09230132
1.09354850
1.09183262
1.09209206
1.09578646
1.09968858
1.10389282
1.10805765
1.10917609
1.10810427
1.10839268
1.11024374
1.11115250
1.10947582
1.10802661
1.11061744
1.11417267
1.11449559
1.11404620
1.11435950
1.11270248
1.11141978
1.11302238
1.11425883
1.11338922
1.11354621
1.11487473
1.11486037
1.11487054
1.11682616
1.12455358
1.13841713
1.15167920
1.16000311
1.16976588
1.18525795
1.19690710
1.18786609
1.14839642
1.09242371
1.05228277
1.03539476
1.01023676
0.96224219
0.92981018
0.94889944
1.00086603
1.04869878
1.08460273
1.11182273
1.12746401
1.13342375
1.13224244
1.12379386
1.11423000
1.10967595
1.10746413
1.10724796
1.10848541
1.10967518
1.11150643
1.11134965
1.10847326
1.10959959
1.11358305
1.11411136
1.11420277
1.11424689
1.11047434
1.10956577
1.11275263
1.11222656
1.11011218
1.11121602
1.11255649
1.11166896
1.11036004
1.11064531
1.11205147
1.11168730
1.11057827
1.11127377
1.11148324
1.11078492
1.11127296
1.11148341
1.11287185
1.11622850
1.11720164
1.11656278
1.11852511
1.12037764
1.11976891
1.12093010
1.12183833
1.11953646
1.11716842
1.11648602
1.11658134
1.11760921
1.11861861
1.11875118
1.12084480
1.12350078
1.12032876
1.11276435
1.10674184
1.10166495
1.09609428
1.08795820
1.06470511
1.02449460
0.98931139
0.98370910
1.01984181
1.08352651
1.13623409
1.15393552
1.13838006
1.09138890
1.03822906
1.02438743
1.04908734
1.07706277
1.10666519
1.14635162
1.17798286
1.18710391
1.17730388
1.15609944
1.13337198
1.11617062
1.10705980
1.10443251
1.10005306
1.09125134
1.08588892
1.08580340
1.08579692
1.08478363
1.08306425
1.08431653
1.09116481
1.09583766
1.09155839
1.08858211
1.09106836
1.08945467
1.08331419
1.08225266
1.08650629
1.08817940
1.08612938
1.08477681
1.08451284
1.08505465
1.08626616
1.08612182
1.08487527
1.08534328
1.08564726
1.08391644
1.08383090
1.08491714
1.08515603
1.08647621
1.08565253
1.07962070
1.07595326
1.08089376
1.09305657
1.10842980
1.12048078
1.12176405
1.11731595
1.11696093
1.11791880
1.11331064
1.10850725
1.11008764
1.11273770
1.11003407
1.10689268
1.10851717
1.11131134
1.10919912
1.10487548
1.10326717
1.10294541
1.10097322
1.10042711
1.10486520
1.10711613
1.10240465
1.09759421
1.09895302
1.10180109
1.10413002
1.10687216
1.10676132
1.10471174
1.10497495
1.10530016
1.10375994
1.10282511
1.10169996
1.09908163
1.09847263
1.09924860
1.09717760
1.09409046
1.09565311
1.09977544
1.10124707
1.10156824
1.10313102
1.10284770
1.10051190
1.10132950
1.10346214
1.10210963
1.10087996
1.10092989
1.09917102
1.09758030
1.09948694
1.10274697
1.10286651
1.09920759
1.09741561
1.10143351
1.10476495
1.10439457
1.10337327
1.10247156
1.10232870
1.10246098
1.09947409
1.09794324
1.10093816
1.10120015
1.09823826
1.09810089
1.09920143
1.09713583
1.09386030
1.09265100
1.09534861
1.09724588
1.09565408
1.09557047
1.09901290
1.10051319
1.10039774
1.10021076
1.09916233
1.09827849
1.09724805
1.09683420
1.09883737
1.09991810
1.10091064
1.10384855
1.10143348
1.09412382
1.09446694
1.09862743
1.09702706
1.09793150
1.10309644
1.10214449
1.09738901
1.09665990
1.09722791
1.09409571
1.08903193
1.08708945
1.08696744
1.08377070
1.07899529
1.07808653
1.08157128
1.08374579
1.08156345
1.07856166
1.07903776
1.08182186
1.08623469
1.09423596
1.10497299
1.11665350
1.12941412
1.14034256
1.14972603
1.15736899
1.16159061
1.16391834
1.16405926
1.16009406
1.15716837
1.15686122
1.15301679
1.14582316
1.13774837
1.12784038
1.12062771
1.11673637
1.11325805
1.11398757
1.11643909
1.11407519
1.11161437
1.11041142
1.10455635
1.10096937
1.10416762
1.10615096
1.10584477
1.10689157
1.10736775
1.10733924
1.10718900
1.10625029
1.11316770
1.13537077
1.15998225
1.17608926
1.19293461
1.21599644
1.22974359
1.21795975
1.18154195
1.13577362
1.10344028
1.09446590
1.08176709
1.03344805
0.96909859
0.94222140
0.97041350
1.01890459
1.05369139
1.07913906
1.10635155
1.12525614
1.12951086
1.12852035
1.12643310
1.12310815
1.12447420
1.13097390
1.13568865
1.13611583
1.13471871
1.13248758
1.12818490
1.12511879
1.12858963
1.13529990
1.13749942
1.13720351
1.13884377
1.14093730
1.14205957
1.14317848
1.14426283
1.14584827
1.14725432
1.14574858
1.14465755
1.14609104
1.14668774
1.14567675
1.14619255
1.14736266
1.14728562
1.14706241
1.14734112
1.14682756
1.14689013
1.14969688
1.15158318
1.14922964
1.14650319
1.14588815
1.14416817
1.14026464
1.13783904
1.13918716
1.14067163
1.13913266
1.13749730
1.13769162
1.13872697
1.14092709
1.14460512
1.14558890
1.14376650
1.14424337
1.14652382
1.14661385
1.14499938
1.14180220
1.13651159
1.13359722
1.13591479
1.13773643
1.13801593
1.14025653
1.14156312
1.13887084
1.13559443
1.13334453
1.13036375
1.12817794
1.12833651
1.12732705
1.12267464
1.11776433
1.11601146
1.11567109
1.11575273
1.11617372
1.11398180
1.11022857
1.10861067
1.10733442
1.10767316
1.11017855
1.11003724
1.10762666
1.10682636
1.10599695
1.10402734
1.10356027
1.10485131
1.10786330
1.11009895
1.11045337
1.10998759
1.10976632
1.10990061
1.11223302
1.11264371
1.10920240
1.10834063
1.11001555
1.10824457
1.10745757
1.10955036
1.10917009
1.10935839
1.11187301
1.11174710
1.11120082
1.11283947
1.11163118
1.11049644
1.11290886
1.11392888
1.11356997
1.11399165
1.11451222
1.11642649
1.11876240
1.11839111
1.11803784
1.11884843
1.11906199
1.12028647
1.12278959
1.12376413
1.12389298
1.12430330
1.12348461
1.12278183
1.12253528
1.11952040
1.11244792
1.10769476
1.10884608
1.11208951
1.11587919
1.12052094
1.12165035
1.12303611
1.12676599
1.12455154
1.11869954
1.11818066
1.11916099
1.11980790
1.12310164
1.12642936
1.12996092
1.13395348
1.13040901
1.12576541
1.13080246
1.13468507
1.13205460
1.13028926
1.12773727
1.12600336
1.12885136
1.12731760
1.12219593
1.12409323
1.12632753
1.12533379
1.12843382
1.13185857
1.13124808
1.13196168
1.13218559
1.12993243
1.12958167
1.12982301
1.12767357
1.12579589
1.12563942
1.12654847
1.12628242
1.12537801
1.12397970
1.11974130
1.11704772
1.12156701
1.12772496
1.13112664
1.13179898
1.12728651
1.12312684
1.12605578
1.12961029
1.12966977
1.13035043
1.12898698
1.12668169
1.12665731
1.12760419
1.12956927
1.13210002
1.13154427
1.12915911
1.12769594
1.12738236
1.13093705
1.13223517
1.12778769
1.12684025
1.12970089
1.12971850
1.13112320
1.13251208
1.12908775
1.12789399
1.12889494
1.12739958
1.12899783
1.13089775
1.12743747
1.12792537
1.13124052
1.12727560
1.12314668
1.12495254
1.12485785
1.11972488
1.11461764
1.11353920
1.11542262
1.11609308
1.11554788
1.11519025
1.11421714
1.11504634
1.11605752
1.11387500
1.11239408
1.10939984
1.10252600
1.10373927
1.11391051
1.12005023
1.12168253
1.12383827
1.12273761
1.12205656
1.12668306
1.12940605
1.12626790
1.12246553
1.12080343
1.12349124
1.12847565
1.12995944
1.13135291
1.13528544
1.13608240
1.13506511
1.13788627
1.14026706
1.14012885
1.14274330
1.14679078
1.14743371
1.14633447
1.14592358
1.14658790
1.15260343
1.15813663
1.15328952
1.14560393
1.14422249
1.14274807
1.14258307
1.15405616
1.17224498
1.18854377
1.20611648
1.23041723
1.26084916
1.28196134
1.27131303
1.23173691
1.18475519
1.14995372
1.13835664
1.12227031
1.05645715
0.97560899
0.96047283
1.00718931
1.05835007
1.09957503
1.13913168
1.16711501
1.17723379
1.17324033
1.16189100
1.15263865
1.14857702
1.14807535
1.15074370
1.15456325
1.15937404
1.16229446
1.15918223
1.15660126
1.15855228
1.15706743
1.15479578
1.15933722
1.16103058
1.15692575
1.15666820
1.15842862
1.15611416
1.15576087
1.15960094
1.16231101
1.16058820
1.15441661
1.14891420
1.15162012
1.15950468
1.16526464
1.17008310
1.17107156
1.16470774
1.16096189
1.16789828
1.17147061
1.16385486
1.15779447
1.15535393
1.14683471
1.13622005
1.13369290
1.14034311
1.15876923
1.18570925
1.20365032
1.20543592
1.19990431
1.19377133
1.18770201
1.18367163
1.18290713
1.18104893
1.17886730
1.18001402
1.18101844
1.17925631
1.17904990
1.18124887
1.18083170
1.17987906
1.17985254
1.17762462
1.17740605
1.17813872
1.17409713
1.17127284
1.17416190
1.17440047
1.17084432
1.16737923
1.16396988
1.16119398
1.15961540
1.15697365
1.15452902
1.15401557
1.15402529
1.15420683
1.15302081
1.14950520
1.14833965
1.14887635
1.14953389
1.15200969
1.15309594
1.15015902
1.14730555
1.14484521
1.14180940
1.14171960
1.14293428
1.14326785
1.14474743
1.14539572
1.14553515
1.14832857
1.14956178
1.14753307
1.14643876
1.14652776
1.14500769
1.14319889
1.14444532
1.14792955
1.14873644
1.14611361
1.14600668
1.14846231
1.15000303
1.15294169
1.15524213
1.15332485
1.15080344
1.15013228
1.14949705
1.14665414
1.14026452
1.13460097
1.13653333
1.13933514
1.13642983
1.13334640
1.13107494
1.12777983
1.13033862
1.13714503
1.14281576
1.15124679
1.16038660
1.15989166
1.15324381
1.15122878
1.15275972
1.15513907
1.16120564
1.16707803
1.16569678
1.16047675
1.15583218
1.14799875
1.14280838
1.14651660
1.14936717
1.14544019
1.14166891
1.14011644
1.13839218
1.13977406
1.14300085
1.14389593
1.14514671
1.14808187
1.15038198
1.15043218
1.14608098
1.13920082
1.13724988
1.14151797
1.14772147
1.15277765
1.15122930
1.14507858
1.14169496
1.14186682
1.14373429
1.14706570
1.14755644
1.14333676
1.14020784
1.13965979
1.14078383
1.14457887
1.14865658
1.14943506
1.14722478
1.14318745
1.13942689
1.13992355
1.14258880
1.14230945
1.14206380
1.14374912
1.14352166
1.14051989
1.13968720
1.14208098
1.14213163
1.13774911
1.13308532
1.13058086
1.12899116
1.12907154
1.13047174
1.13169216
1.13321130
1.13378667
1.13162384
1.13099946
1.13358642
1.13351960
1.13267431
1.13437193
1.13192295
1.12512594
1.12416641
1.12843582
1.12943196
1.12741699
1.12540228
1.12446785
1.12426335
1.12358617
1.12179054
1.12095251
1.12231582
1.12243413
1.11943923
1.11752004
1.11852732
1.11696892
1.11113004
1.10770264
1.10674573
1.10581540
1.10873319
1.11190131
1.10894599
1.10316275
1.09921350
1.09699937
1.09713076
1.09797428
1.09877727
1.10254138
1.10752137
1.11034474
1.11302492
1.11359874
1.10955317
1.10430619
1.10002158
1.09855292
1.10277301
1.10880964
1.11218517
1.11509368
1.12025227
1.12518663
1.12656568
1.12476282
1.12274089
1.12060416
1.11826771
1.11557526
1.11354816
1.11465705
1.11985124
1.12376107
1.12549952
1.12738258
1.12590362
1.12258012
1.12365165
1.12608687
1.12499975
1.12747718
1.13820180
1.15302419
1.16863178
1.18764557
1.21442152
1.24322847
1.25430850
1.23529407
1.19471269
1.14892264
1.10944019
1.07547251
1.02705706
0.96015000
0.91764711
0.93901486
0.99859507
1.04700201
1.08085777
1.11446339
1.13740921
1.14394070
1.14449273
1.14065223
1.12971808
1.11815442
1.11229770
1.11167097
1.11466329
1.11836353
1.11930335
1.11928670
1.11988139
1.11927022
1.11593293
1.11213759
1.11056477
1.10971450
1.10940434
1.11350662
1.12149994
1.12383414
1.11922432
1.11827840
1.12236775
1.12229985
1.12145025
1.12532763
1.12498391
1.11995775
1.11966480
1.12151717
1.12115943
1.12131378
1.12016112
1.11756985
1.11938640
1.12325136
1.12569049
1.12879219
1.12690865
1.11963376
1.11757242
1.12230392
1.12701988
1.12966050
1.12956039
1.12881309
1.12952575
1.12839021
1.12629169
1.12580167
1.12554745
1.12706598
1.12918144
1.12671476
1.12364297
1.12380349
1.12235524
1.12211987
1.12612126
1.12911256
1.12921449
1.12727311
1.12320611
1.12549799
1.13513248
1.14128082
1.14522710
1.15226465
1.16049078
1.16894821
1.17561446
1.17772046
1.17778235
1.17702486
1.17412582
1.17039730
1.16563302
1.15936350
1.15359710
1.14788455
1.13856229
1.12663984
1.11594310
1.10949087
1.10563716
1.10301647
1.10253895
1.10182266
1.09711346
1.09090263
1.08688245
1.08551368
1.08766313
1.09044450
1.08896284
1.08555955
1.08419752
1.08590022
1.08873022
1.08991920
1.08990582
1.09054782
1.09229806
1.09508443
1.09677819
1.09624863
1.09464848
1.09295820
1.08954186
1.08593296
1.08433369
1.08524917
1.08950226
1.09225656
1.08971080
1.08687525
1.08658756
1.08605047
1.08747415
1.09200473
1.09378779
1.09301289
1.09249406
1.09019367
1.08713690
1.08928103
1.09477701
1.09700325
1.09577755
1.09441455
1.09441173
1.09568547
1.09632133
1.09563316
1.09737087
1.10367926
1.10807610
1.10881525
1.10936832
1.11066768
1.11122416
1.11108995
1.10900189
1.10691273
1.10871459
1.11188746
1.11076418
1.10630299
1.10302510
1.10292463
1.10302629
1.10170067
1.10090772
1.10059274
1.10099751
1.10203325
1.10036136
1.09661779
1.09403246
1.09249304
1.09229281
1.09342722
1.09198608
1.08965231
1.08877645
1.08723760
1.08640973
1.08812033
1.08895603
1.08849801
1.08734685
1.08516925
1.08426856
1.08410831
1.08386935
1.08560172
1.08604019
1.08187972
1.07830551
1.07797269
1.07927818
1.08304151
1.08538067
1.08341511
1.08248464
1.07908915
1.07226028
1.07245414
1.07923531
1.08048213
1.07823697
1.07947351
1.08020306
1.07985788
1.08127777
1.07960491
1.07663305
1.08052591
1.08613509
1.08258375
1.07726204
1.07985498
1.08264180
1.08135865
1.08215213
1.08214657
1.07846428
1.07807130
1.07867997
1.07501072
1.07159995
1.06863180
1.06357128
1.06067969
1.05993407
1.05785842
1.05691117
1.05848182
1.06225411
1.06362828
1.05920848
1.05542762
1.05601437
1.05526093
1.05428406
1.05309831
1.04972118
1.04976034
1.05261356
1.05300055
1.05624744
1.06370065
1.06704279
1.06687177
1.06661898
1.06580033
1.06878533
1.07460057
1.07577989
1.07471225
1.07507773
1.07573491
1.07571657
1.07575124
1.07728246
1.08095665
1.08302493
1.08350238
1.08419386
1.08426096
1.08334925
1.08155858
1.07870187
1.07904587
1.08124035
1.07919001
1.07432447
1.07161544
1.07325995
1.08290930
1.10322701
1.12687277
1.14513101
1.16156454
1.18297007
1.19649487
1.18268336
1.14280855
1.09720919
1.06686637
1.05573044
1.03230819
0.97273545
0.91632168
0.91594468
0.96123963
1.01151794
1.05108427
1.08106910
1.10228425
1.11348914
1.11365880
1.10659136
1.09847698
1.09206689
1.08960081
1.09072811
1.09068851
1.08920473
1.08896331
1.08869234
1.08722399
1.08790644
1.08935987
1.08737487
1.08733218
1.09238183
1.09338170
1.09045402
1.09260898
1.09532668
1.09344070
1.09188643
1.09162406
1.09083419
1.09292973
1.09565743
1.09813375
1.10085496
1.10099559
1.10026032
1.10181786
1.10175033
1.10100650
1.10469837
1.10830274
1.10873223
1.10815055
1.10650747
1.10574194
1.10551372
1.10475986
1.10589437
1.10680204
1.10499120
1.10603146
1.10828776
1.10784173
1.10931914
1.11070831
1.10843218
1.10879339
1.10741505
1.10119123
1.10157604
1.10773651
1.10993974
1.11047296
1.11049850
1.11014865
1.11231684
1.11425703
1.11358367
1.11257876
1.11085363
1.10908962
1.10958443
1.10880765
1.10616023
1.10465348
1.10347923
1.10322720
1.10370952
1.10208566
1.09937454
1.09681603
1.09277266
1.08840078
1.08590900
1.08541357
1.08475171
1.08154486
1.07929605
1.08125306
1.08288052
1.08242901
1.08124889
1.07908711
1.07759039
1.07812384
1.07810797
1.07937875
1.07943381
1.07495595
1.07304036
1.07533459
1.07791293
1.08206267
1.08324239
1.07959196
1.07899863
1.07899623
1.07440758
1.07404706
1.07707936
1.07752221
1.07950829
1.08033774
1.07828611
1.07833924
1.07813457
1.07785840
1.08097015
1.07985188
1.07582802
1.07663734
1.07439182
1.06982611
1.07237020
1.07430909
1.07332518
1.07654354
1.07856404
1.07701211
1.07790727
1.07953732
1.08023887
1.07974279
1.07510040
1.07226732
1.07585360
1.07881133
1.07897790
1.07942444
1.07907840
1.07933972
1.08036840
1.07957485
1.08075304
1.08451115
1.08475316
1.08146680
1.07915929
1.07961205
1.08032997
1.07982889
1.08142401
1.08482353
1.08557750
1.08525345
1.08703892
1.08690132
1.08476814
1.08474905
1.08451045
1.08217246
1.07999354
1.07858035
1.07818451
1.08139591
1.08445488
1.08433989
1.08636998
1.08927353
1.08749753
1.08571387
1.08895953
1.09050884
1.08816645
1.08782166
1.08787766
1.08452866
1.08177889
1.08148795
1.08268498
1.08479583
1.08414421
1.08286332
1.08433777
1.08583129
1.08507202
1.08391957
1.08175297
1.07838199
1.07651919
1.07781449
1.08236105
1.08896958
1.09426848
1.09464983
1.09102692
1.08755976
1.08766639
1.08762450
1.08587308
1.08492141
1.08423722
1.08257784
1.08365360
1.08524057
1.08523792
1.08636148
1.08848833
1.08975405
1.08936779
1.08675194
1.08473821
1.08462045
1.08436976
1.08492133
1.08656910
1.08785005
1.09089215
1.09404328
1.09301396
1.09156180
1.08924213
1.08443703
1.08306913
1.08397678
1.08263817
1.08387620
1.08559053
1.08377932
1.08370835
1.08401109
1.07872306
1.07379808
1.07228871
1.07283889
1.07752762
1.08080039
1.07802509
1.07509045
1.07395733
1.07180654
1.06960102
1.06746599
1.06699007
1.06699019
1.06506231
1.06477270
1.06847008
1.07264384
1.07680318
1.08014269
1.08005374
1.08086842
1.08313333
1.08361011
1.08347457
1.08476297
1.08879026
1.09806072
1.10454771
1.10351384
1.10257985
1.10307308
1.10121520
1.09985937
1.10048074
1.10172000
1.10341324
1.10450743
1.10452802
1.10440111
1.10282657
1.09968650
1.09720297
1.09699456
1.09953288
1.10146111
1.10081304
1.09977017
1.09982552
1.10672709
1.12583155
1.14667759
1.16294774
1.18478067
1.20982157
1.21808750
1.19871480
1.15796588
1.11382471
1.08591887
1.07006878
1.03770066
0.97788397
0.93045852
0.94150870
0.99591863
1.04621781
1.08142616
1.10860937
1.12204432
1.12288024
1.11945960
1.11235550
1.10607657
1.10490811
1.10451978
1.10505595
1.10533111
1.10246409
1.10402170
1.11043173
1.10815857
1.10116880
1.10282012
1.10751198
1.10742600
1.10619983
1.10471968
1.10228340
1.10277614
1.10629527
1.10866798
1.11009770
1.11264246
1.11450686
1.11257896
1.10827334
1.10767057
1.11040858
1.11380663
1.11865572
1.12168315
1.12043519
1.11930567
1.11963495
1.11862922
1.12067121
1.12590977
1.12628297
1.12293246
1.12318359
1.12331085
1.12255370
1.12376628
1.12420068
1.12369968
1.12372037
1.12310846
1.12461136
1.12852208
1.12905973
1.12734785
1.12816232
1.13024239
1.13053366
1.12716710
1.12250646
1.12365044
1.12784508
1.13004754
1.13298671
1.13279308
1.12689791
1.12399618
1.12431711
1.12198401
1.12163368
1.12219358
1.11865559
1.11611859
1.11535053
1.11479582
1.11603033
1.11432664
1.10805101
1.10647620
1.10999215
1.11203105
1.11310175
1.11391705
1.11205923
1.10688772
1.10017844
1.09623574
1.09606101
1.09636807
1.09721159
1.09671161
1.09459141
1.09415579
1.09368319
1.09248442
1.09351262
1.09282690
1.09034688
1.09201123
1.09195388
1.08796130
1.08882323
1.09230578
1.09326785
1.09711251
1.10099161
1.09873665
1.09719806
1.09839155
1.09763722
1.09923338
1.10471118
1.10690618
1.10250295
1.09777957
1.09996830
1.10480142
1.10512596
1.10554567
1.10671044
1.10268521
1.09910280
1.10019846
1.09981554
1.10058488
1.10478330
1.10362699
1.09887868
1.09695754
1.09539347
1.09555841
1.10086601
1.10440696
1.10523375
1.10783337
1.10854173
1.10597913
1.10612050
1.10811227
1.10818169
1.11150734
1.11683868
1.11567308
1.11038000
1.10835914
1.10813544
1.10760000
1.10633303
1.10041480
1.09339532
1.09422964
1.09953421
1.10557971
1.11380532
1.11715252
1.11185410
1.10683160
1.10423792
1.10208113
1.10493290
1.10900246
1.10761645
1.10623246
1.10844716
1.10919565
1.10881209
1.11212946
1.11777077
1.12106324
1.12095134
1.11938927
1.11628459
1.11174022
1.10985185
1.11187055
1.11442477
1.11486319
1.11363052
1.11245604
1.11367779
1.11713056
1.11999746
1.11933283
1.11596710
1.11228690
1.10821922
1.10527452
1.10515066
1.10554438
1.10615646
1.11025159
1.11543123
1.11839459
1.11907021
1.11673751
1.11358056
1.11156521
1.10893047
1.10694722
1.10793915
1.10949834
1.11156793
1.11433099
1.11405857
1.11291818
1.11518388
1.11822447
1.11807049
1.11446717
1.11159552
1.11172801
1.11272346
1.11227422
1.11146639
1.11320498
1.11932753
1.12277210
1.11872857
1.11826147
1.12240312
1.11854273
1.11540628
1.12002106
1.11704674
1.11048141
1.11472798
1.11928654
1.11600936
1.11281145
1.10676556
1.09789069
1.09444997
1.09255966
1.08980034
1.09015462
1.09282922
1.09627259
1.09920278
1.09785715
1.09360700
1.08924589
1.08517204
1.08415137
1.08461773
1.08642203
1.09106537
1.09247457
1.08951015
1.09251837
1.10000924
1.10380355
1.10559843
1.10628974
1.10717793
1.11190385
1.11654564
1.11697050
1.11667511
1.11853829
1.12271687
1.12594057
1.12194171
1.11294370
1.10811295
1.10938586
1.11221248
1.11317829
1.11463932
1.11554156
1.11217308
1.11003311
1.11618107
1.12273536
1.12239296
1.12088588
1.12224253
1.12170822
1.12005335
1.12601720
1.14546247
1.16617403
1.17590452
1.18487270
1.20220589
1.22136260
1.23796235
1.24630547
1.23986363
1.22339842
1.19551749
1.15427181
1.12063697
1.10087785
1.06364662
1.00640260
0.97499462
0.99596893
1.04310687
1.08001180
1.10351526
1.12672464
1.14583343
1.15544671
1.15792066
1.15309707
1.14463723
1.13890387
1.13563279
1.13590035
1.13958900
1.13930900
1.13594545
1.13481582
1.13169087
1.12748609
1.13023052
1.13527630
1.13375035
1.12755915
1.12250927
1.12256728
1.12655752
1.12911428
1.12969079
1.13096681
1.13292761
1.13462373
1.13457706
1.13430867
1.13481078
1.13461774
1.13578327
1.13930442
1.13983390
1.13773423
1.13852912
1.14121022
1.14089880
1.13775095
1.13530145
1.13726936
1.14071364
1.14024510
1.13777447
1.13684105
1.13657455
1.13412171
1.13263152
1.13431241
1.13586579
1.13470441
1.13473606
1.13492606
1.13191044
1.13090797
1.13371328
1.13272890
1.12791210
1.12655109
1.12672824
1.12550545
1.12527351
1.12632280
1.12825032
1.12960455
1.12854818
1.12777055
1.12954103
1.12940365
1.12814325
1.13051156
1.13298167
1.13018505
1.12493182
1.12288881
1.12048998
1.11344364
1.10774349
1.10814371
1.11104610
1.11320497
1.11385601
1.11027116
1.10561001
1.10544368
1.10671482
1.10410270
1.10124077
1.10316529
1.10520337
1.10173131
1.09927188
1.10117196
1.10252979
1.10478956
1.10834633
1.10583901
1.10048559
1.10182830
1.10534337
1.10555841
1.10668174
1.10833247
1.10861491
1.10950103
1.10983877
1.11033250
1.11136134
1.11098456
1.10874208
1.10523569
1.10263329
1.10367494
1.10715791
1.10959998
1.10914333
1.10540513
1.10347954
1.10620447
1.10701635
1.10553942
1.10817259
1.11053722
1.10917985
1.10890642
1.10841920
1.10685551
1.10789483
1.11051867
1.11291894
1.11215526
1.10524101
1.09968804
1.10340526
1.10806504
1.10829072
1.10792648
1.10693836
1.10455559
1.10017273
1.09295770
1.08913981
1.09284567
1.10045079
1.10833052
1.11196460
1.10841925
1.10452674
1.10403854
1.10457087
1.10641057
1.10691088
1.10339599
1.10125312
1.09990379
1.09448274
1.09392440
1.10143287
1.10498917
1.10242882
1.10069636
1.09952461
1.09715884
1.09589935
1.09697887
1.09716953
1.09596673
1.09527102
1.09572369
1.09505815
1.09451365
1.09641988
1.09881826
1.09755951
1.09310986
1.08948101
1.08981385
1.09171991
1.08796069
1.08093324
1.07826903
1.07967912
1.08109347
1.08198472
1.08227906
1.08376285
1.08683207
1.08666078
1.08288047
1.07984634
1.07751563
1.07716382
1.08175049
1.08587492
1.08484751
1.08255914
1.08283436
1.08466440
1.08501274
1.08378277
1.08520692
1.08733075
1.08509927
1.08240042
1.08206737
1.07964933
1.07847417
1.08015787
1.07811548
1.07492350
1.07781733
1.08128897
1.08297305
1.08398253
1.08424730
1.08458885
1.08473257
1.08249151
1.07860475
1.07213674
1.06468562
1.06214680
1.06240332
1.06291225
1.06471129
1.06444748
1.06244083
1.06142964
1.05835190
1.05532606
1.05441854
1.05021940
1.04714744
1.04956675
1.04958499
1.04932932
1.05357982
1.05530325
1.05768229
1.06264161
1.05946050
1.05484622
1.05904831
1.06115404
1.06038057
1.06619097
1.07368295
1.07852980
1.08350046
1.08443871
1.08170791
1.08175505
1.08364658
1.08328899
1.08266164
1.08413005
1.08529351
1.08445538
1.08543280
1.08551807
1.08114100
1.08141333
1.08618207
1.08654150
1.08590031
1.08660241
1.08240135
1.08014085
1.08238230
1.08420500
1.09470214
1.11450158
1.12808460
1.13598523
1.14856088
1.16402438
1.17364342
1.16567602
1.13670564
1.10299687
1.08002817
1.07011976
1.06127121
1.02879376
0.97948638
0.96038555
0.98679883
1.02892625
1.06089751
1.07971981
1.09144580
1.09959345
1.10154343
1.09985018
1.09872981
1.09490058
1.08927089
1.08617867
1.08583178
1.08843689
1.09114797
1.09319167
1.09800947
1.10000870
1.09739319
1.09783490
1.09864220
1.09516938
1.09298314
1.09102916
1.08824512
1.09088559
1.09458569
1.09291929
1.09101124
1.09062720
1.09180843
1.09384491
1.09168949
1.09044997
1.09613528
1.09768344
1.09457085
1.09618699
1.09697188
1.09519885
1.09731477
1.09933705
1.09828695
1.09762556
1.09810205
1.09958244
1.10245879
1.10444108
1.10554495
1.10417143
1.10352424
1.10722311
1.10938714
1.10723984
1.10809804
1.11019091
1.10975855
1.10937857
1.10839179
1.10803767
1.11103416
1.11140527
1.10839715
1.10759565
1.10917583
1.11012989
1.10784317
1.10229049
1.10109334
1.10626750
1.10821760
1.10454535
1.10127469
1.10208837
1.10393111
1.10288491
1.10047795
1.09953862
1.09736741
1.09348413
1.09174026
1.09191015
1.09219130
1.09229851
1.09000177
1.08543361
1.08238167
1.08137764
1.08145137
1.08222864
1.08153451
1.07735738
1.07199615
1.06825754
1.06768412
1.06914314
1.07303979
1.07694373
1.07696014
1.07561527
1.07622782
1.07441956
1.07337588
1.07671628
1.07786688
1.07453162
1.07271091
1.07299747
1.07386239
1.07421784
1.07442799
1.07564000
1.07564715
1.07274557
1.07160934
1.07290502
1.07498284
1.07833810
1.07917007
1.07811743
1.07815799
1.07660622
1.07505899
1.07687566
1.07620934
1.07419224
1.07679425
1.07724192
1.07339630
1.07313899
1.07448619
1.07480932
1.07785971
1.08017179
1.08049258
1.08236198
1.08250710
1.08045451
1.07978985
1.07942735
1.07872469
1.07780897
1.07600066
1.07595355
1.07793735
1.08009698
1.08314162
1.08439134
1.08237668
1.08159136
1.08180758
1.08017978
1.08041651
1.08172343
1.08089630
1.08062912
1.08020653
1.07743457
1.07649354
1.07908238
1.08349255
1.08591270
1.08556452
1.08717769
1.08956063
1.08795108
1.08497251
1.08362849
1.08063060
1.07707346
1.07686194
1.07858083
1.08200209
1.08405392
1.08350160
1.08458205
1.08326939
1.07772588
1.07806465
1.08188374
1.08219610
1.08452014
1.08819667
1.08613714
1.08145411
1.07853140
1.07725413
1.07880069
1.08185796
1.08429765
1.08740188
1.08872809
1.08679560
1.08606383
1.08841777
1.08972763
1.08889739
1.08828365
1.08841395
1.08632410
1.08498693
1.08721680
1.08799324
1.08466069
1.08331798
1.08410368
1.08402676
1.08512839
1.08603708
1.08540702
1.08680261
1.08884607
1.08899307
1.08865563
1.08787380
1.08772531
1.08803998
1.08726262
1.08639583
1.08705035
1.08713496
1.08697741
1.08749906
1.08951953
1.09539974
1.10095575
1.09995016
1.09573259
1.09289550
1.09148886
1.09291039
1.09591257
1.09618482
1.09530119
1.09491745
1.09352032
1.09170866
1.09195233
1.09304322
1.09266051
1.09357432
1.09445497
1.08889079
