1.19662118
1.19996466
1.19332656
1.19645288
1.19036267
1.18132266
1.18226773
1.18342749
1.18703988
1.19440233
1.19521317
1.19211658
1.19498255
1.19502902
1.19205547
1.19823046
1.20329564
1.19992930
1.20018434
1.20256113
1.20048751
1.20273403
1.20576892
1.19847923
1.19032988
1.18471373
1.17315904
1.16352869
1.16682884
1.17019031
1.16625213
1.16148816
1.15947486
1.15678173
1.15330371
1.15077521
1.14976662
1.14741346
1.14182716
1.13827930
1.14132536
1.14590025
1.14832512
1.15077216
1.15871618
1.16536634
1.16298076
1.16100024
1.17136259
1.18546319
1.19098480
1.19591553
1.20614570
1.21261363
1.21090710
1.20833686
1.20613015
1.20543956
1.20768430
1.20855000
1.20711943
1.20800841
1.21380708
1.22039474
1.22112114
1.21199096
1.20476074
1.20685311
1.20918974
1.21358730
1.22361649
1.23023130
1.23143390
1.22788533
1.22611201
1.24600898
1.28628590
1.31534016
1.33498376
1.36937208
1.41702854
1.44564088
1.42202670
1.34180708
1.24378553
1.17115704
1.12981232
1.07467015
0.97545379
0.89769242
0.91906362
1.01181970
1.09831279
1.16208194
1.21791129
1.25484350
1.26974663
1.27139012
1.25716666
1.23465711
1.22208694
1.21928511
1.21861018
1.22011064
1.22135201
1.21892857
1.22153345
1.23301175
1.23896840
1.23842697
1.24124213
1.24049349
1.23752301
1.24198380
1.24478793
1.24121500
1.24062317
1.23991859
1.24133570
1.24960623
1.24998087
1.24343370
1.24465716
1.24820709
1.24606522
1.24340139
1.24418823
1.24864105
1.25059693
1.24874121
1.25107172
1.25127755
1.24826626
1.25360938
1.25615818
1.24584696
1.24467385
1.25319805
1.25333209
1.25264020
1.25700722
1.25873986
1.26268691
1.26556835
1.26185624
1.26087091
1.26151505
1.25921264
1.26204095
1.26691462
1.26281910
1.26086118
1.26453157
1.26557453
1.26523226
1.26839004
1.27185883
1.26725106
1.25768673
1.25481167
1.25857979
1.26111114
1.26418493
1.26704604
1.26660143
1.26457436
1.26090998
1.25159078
1.24535020
1.24524480
1.24000532
1.22972791
1.22459304
1.22145581
1.21366265
1.21009745
1.21190979
1.20831325
1.20100655
1.19929966
1.19747439
1.19144363
1.18873610
1.18784653
1.18793561
1.18899653
1.18714541
1.18410678
1.18596136
1.18853620
1.19325023
1.20137459
1.20011745
1.19271393
1.18992060
1.18770234
1.19012267
1.19835367
1.19831511
1.19700748
1.20391632
1.20504299
1.19978474
1.20277991
1.20783450
1.20709750
1.20188357
1.19901208
1.20124537
1.20353882
1.20419033
1.20824204
1.21202383
1.21279968
1.21849554
1.22234865
1.21686414
1.21319361
1.21666814
1.22052543
1.22447792
1.22982984
1.23249937
1.22836062
1.22420591
1.22715090
1.22984335
1.22826151
1.22881730
1.22791766
1.22643297
1.22947682
1.22803664
1.22542876
1.23153222
1.23221138
1.22440161
1.22691530
1.23601555
1.23474981
1.23177837
1.23237575
1.23337883
1.23016117
1.22557502
1.22807936
1.23378266
1.23387820
1.23562904
1.23956383
1.23599680
1.23312965
1.23575843
1.23580042
1.23817172
1.24215118
1.23855385
1.23325917
1.23048763
1.22893659
1.23574139
1.24057939
1.23476476
1.23235782
1.23411781
1.23063077
1.22773931
1.22955102
1.23290998
1.23779432
1.23780267
1.23284776
1.23280023
1.23314721
1.23067192
1.23216244
1.23253017
1.22975404
1.22475564
1.21767495
1.21690380
1.21793505
1.21379693
1.21302615
1.21427603
1.20929096
1.21003267
1.22004939
1.22401963
1.22591906
1.22946330
1.22733236
1.22137148
1.21802173
1.21750956
1.22455207
1.23053751
1.22288333
1.21429212
1.21890433
1.22975397
1.23640455
1.23819954
1.24031883
1.23910510
1.23325580
1.22971010
1.22756747
1.22578500
1.22997837
1.23663031
1.23643488
1.23348500
1.22908216
1.22655383
1.23272134
1.23814190
1.23391788
1.23225234
1.23125807
1.22122600
1.21445777
1.21766608
1.21871879
1.21319030
1.20701643
1.20239545
1.20063057
1.19954089
1.19447562
1.18816040
1.18835558
1.19048234
1.18343842
1.17097605
1.16371684
1.16134604
1.16079116
1.16725731
1.17248328
1.16853905
1.16530462
1.16938075
1.17481603
1.17939476
1.18804895
1.19836547
1.20040163
1.19566689
1.19480792
1.20195023
1.21446757
1.22825041
1.23704603
1.23748553
1.23531902
1.23076427
1.23062129
1.23990233
1.24737413
1.24619600
1.24625090
1.24463128
1.24003098
1.24174585
1.24519772
1.24274796
1.24394087
1.24870099
1.25175653
1.25155249
1.24997724
1.24990946
1.24968488
1.25328654
1.27848738
1.31951801
1.35109632
1.38028032
1.42698698
1.47388733
1.48964563
1.44986343
1.35629550
1.25695816
1.20068841
1.17663436
1.12470751
1.02140294
0.93781235
0.94693530
1.02730989
1.11039986
1.17902766
1.23937402
1.27700670
1.28826897
1.28741772
1.27647881
1.25963444
1.25074502
1.25351288
1.25904088
1.26497538
1.26633781
1.25806857
1.25268218
1.26185509
1.27052711
1.26887067
1.26948957
1.27352726
1.27026855
1.26465554
1.26735643
1.27223543
1.27085058
1.27155229
1.27662971
1.27435792
1.26923917
1.27037285
1.27093351
1.26935959
1.27406762
1.27436356
1.27137411
1.27805614
1.27970248
1.26863069
1.26500302
1.26899417
1.26645361
1.26438976
1.26621502
1.26378726
1.25983378
1.25925160
1.26063927
1.26662424
1.27355118
1.27298868
1.26752181
1.26392511
1.26320539
1.26505125
1.26774782
1.26904023
1.26950113
1.27064273
1.27225263
1.27440838
1.27718948
1.27790295
1.27584448
1.27297939
1.27291862
1.27531508
1.27747545
1.27395415
1.26865055
1.26881508
1.27211216
1.27217750
1.27193280
1.27410872
1.27205376
1.26197462
1.25556538
1.25819171
1.26227614
1.25391001
1.24016856
1.23711657
1.23913807
1.23380293
1.22692214
1.22431737
1.22104636
1.22051191
1.22301789
1.22126466
1.21637550
1.21363677
1.21010214
1.20384963
1.19916296
1.19819769
1.20126871
1.20549025
1.20566319
1.20315353
1.20588462
1.20950817
1.20756015
1.20658648
1.21107759
1.21108911
1.20786839
1.20653338
1.20611409
1.20702193
1.21085265
1.21019801
1.20998255
1.21604021
1.22013950
1.21719721
1.21327341
1.21138243
1.21253072
1.21468152
1.21598550
1.21722898
1.21505041
1.21095154
1.21004560
1.21236389
1.21444601
1.21824378
1.22132857
1.21996666
1.21858990
1.21767762
1.21701054
1.22056800
1.22752519
1.23114143
1.22523764
1.21326542
1.21119901
1.22143027
1.22746128
1.22645101
1.22764005
1.22750660
1.22442271
1.22298883
1.22209577
1.22370147
1.22735054
1.23096466
1.23453506
1.23611191
1.23142129
1.22633363
1.22435603
1.22525527
1.22476943
1.22031002
1.21583088
1.21676198
1.21715782
1.21828896
1.22341736
1.22421236
1.22115352
1.21920411
1.21879917
1.22170401
1.22203194
1.21419491
1.21309266
1.21787173
1.21135990
1.20403730
1.20701802
1.21182382
1.21751719
1.21933073
1.21320588
1.21191897
1.21448883
1.21223628
1.21475660
1.21859304
1.21762438
1.21820686
1.21632572
1.20815344
1.20595000
1.20987649
1.20864075
1.20920293
1.21165149
1.20836576
1.20810313
1.21531344
1.21781011
1.21826224
1.22116895
1.22116332
1.21918049
1.21642853
1.21252538
1.21181156
1.21395446
1.21386539
1.21155991
1.20864443
1.20898601
1.21402154
1.21758081
1.21605411
1.21466698
1.21883068
1.22155185
1.21626030
1.21028663
1.21248963
1.21452578
1.21050546
1.21049335
1.20894100
1.19837903
1.19734029
1.21127951
1.21717760
1.21157447
1.20881165
1.20533033
1.19795224
1.19753674
1.20286695
1.20424442
1.20434614
1.20527756
1.20359800
1.20140568
1.20268137
1.20695443
1.20812506
1.20668303
1.20576306
1.20405772
1.19412756
1.18052077
1.17062326
1.16790419
1.17360790
1.17600263
1.16708420
1.15932233
1.15856390
1.15589538
1.15149679
1.14710273
1.14010504
1.13319819
1.12845330
1.12813552
1.13316360
1.13851675
1.14212267
1.14641508
1.14989563
1.15294174
1.15805422
1.16099900
1.16355245
1.17336200
1.18100997
1.18327258
1.18847078
1.19243205
1.19187037
1.19806801
1.20508212
1.20525574
1.20681985
1.20745545
1.20586708
1.20814606
1.20816023
1.20389314
1.20478515
1.20472010
1.20222653
1.20594749
1.21100702
1.21054528
1.21231702
1.21533855
1.21368672
1.22022907
1.24995056
1.29390258
1.33034281
1.35596433
1.38730135
1.42095477
1.42121866
1.36236850
1.26552875
1.17718665
1.12365211
1.09977563
1.06380316
0.98194961
0.90063866
0.89591825
0.97054317
1.06648795
1.14502183
1.20462808
1.24664504
1.26810533
1.26823374
1.25380605
1.23858700
1.23047010
1.22943056
1.23312568
1.23597042
1.23631740
1.23677790
1.23902152
1.24277284
1.24423282
1.24067243
1.24234187
1.25009292
1.24865642
1.24143257
1.24323151
1.24981283
1.25401877
1.25558042
1.25629005
1.25957253
1.25970335
1.25428958
1.25506263
1.25797621
1.25687239
1.25725688
1.26062228
1.26285543
1.26458494
1.26194792
1.25763219
1.25884747
1.25597929
1.25525085
1.26660519
1.27144242
1.26375618
1.26662847
1.27317888
1.27046649
1.27243228
1.27800062
1.27785342
1.27616581
1.27254906
1.26721731
1.27106704
1.27571260
1.27172121
1.26921963
1.27080259
1.26645383
1.25970012
1.26190530
1.26925328
1.27105540
1.26644796
1.26499370
1.26461181
1.25984799
1.25611545
1.25567061
1.25461948
1.25464655
1.25572339
1.25312710
1.24955677
1.24929605
1.24780177
1.24251623
1.23519270
1.22960182
1.23070325
1.22900857
1.21943358
1.21380870
1.21791814
1.21936966
1.21364939
1.20641148
1.19807699
1.19222250
1.19043546
1.19200444
1.20134536
1.21299633
1.21729018
1.22322447
1.24078025
1.25959595
1.27677149
1.29801087
1.31389282
1.32198130
1.33030636
1.33459815
1.32855921
1.31969642
1.31532203
1.31228349
1.30403006
1.28619352
1.26881794
1.25724659
1.24405889
1.23544000
1.23567720
1.23489011
1.22845171
1.22217410
1.21820323
1.21571369
1.21444763
1.21204592
1.21230556
1.21314631
1.21296230
1.21647290
1.22154737
1.22683435
1.23076553
1.22934286
1.22776092
1.23122320
1.23194667
1.23115619
1.23494827
1.23886001
1.24299227
1.24532935
1.24020809
1.23768905
1.24369526
1.24161959
1.23966380
1.24802172
1.24808473
1.24221503
1.24753899
1.25217593
1.24782150
1.24771355
1.24948121
1.24637887
1.23998700
1.23527168
1.23760994
1.24515538
1.25001160
1.24994259
1.24850941
1.25068411
1.25190410
1.24879116
1.24790911
1.25262137
1.25679292
1.25956696
1.26112068
1.25767294
1.25715965
1.26585476
1.27250882
1.27288482
1.27174218
1.27073421
1.27296696
1.27286705
1.26641389
1.26591768
1.26916081
1.26523749
1.26122339
1.26367547
1.26487626
1.26368119
1.26272973
1.25954409
1.25362468
1.24736988
1.24460784
1.24698874
1.24674329
1.24611668
1.24810287
1.24447668
1.23658399
1.23669947
1.24155114
1.24279104
1.23984474
1.23476414
1.23375413
1.23799575
1.23690311
1.23166089
1.23145947
1.23154920
1.22411987
1.21930406
1.22041566
1.21879435
1.21893965
1.22283220
1.22450095
1.22245429
1.22137146
1.21906041
1.21934717
1.22321553
1.22270609
1.22336736
1.23264935
1.23370816
1.22074868
1.21495039
1.21825301
1.21889989
1.21932825
1.21952233
1.21633476
1.21477562
1.21712222
1.22054426
1.22628821
1.22754833
1.22291383
1.22046202
1.21957906
1.21771341
1.21845102
1.21898485
1.21892918
1.22118388
1.21904858
1.21278468
1.21106216
1.20949360
1.20117943
1.19187882
1.18791979
1.18421483
1.18025325
1.17852489
1.17506971
1.17261064
1.17308840
1.16930300
1.16219523
1.15826822
1.15584136
1.15548549
1.16256922
1.16875508
1.16852415
1.17192722
1.17634069
1.17986164
1.18722047
1.19337981
1.19429379
1.19873614
1.20382909
1.20869472
1.21852001
1.22612420
1.22747701
1.22671108
1.22463866
1.22442732
1.22654643
1.22597424
1.22778132
1.23153277
1.22892124
1.22692474
1.22516822
1.21707034
1.21451582
1.21684183
1.21528958
1.22149836
1.22746734
1.21853466
1.21843170
1.22965720
1.23272367
1.24782276
1.28937899
1.32710533
1.35484927
1.38987677
1.43135377
1.46015406
1.44415034
1.36660207
1.26198483
1.18093251
1.13719751
1.09601193
1.01530982
0.92661992
0.90942657
0.97731655
1.07517775
1.15536327
1.21633868
1.26699873
1.29599749
1.29708637
1.28381035
1.26734927
1.24959218
1.24262054
1.24493815
1.24692570
1.24894903
1.25216867
1.25659308
1.26079506
1.26157194
1.26248886
1.26241997
1.25315285
1.24417539
1.24574846
1.24843195
1.25426574
1.26261574
1.25829353
1.25149233
1.25618380
1.25454458
1.24208610
1.24177496
1.25274365
1.26083946
1.26152855
1.26414069
1.27388055
1.27692104
1.26825726
1.26650805
1.26634462
1.25387114
1.24490605
1.25142154
1.25894141
1.26324277
1.26323285
1.25993276
1.26104510
1.26398354
1.26080238
1.25527137
1.25217770
1.25222983
1.25476025
1.25487121
1.25548772
1.25867858
1.26145954
1.26443824
1.26502459
1.26065164
1.26099195
1.26428443
1.25825793
1.25078376
1.25583591
1.26352422
1.26127695
1.25462630
1.24887725
1.24443032
1.24306885
1.24049937
1.23673043
1.23627006
1.24048377
1.23907703
1.23185306
1.22957160
1.23111565
1.22954291
1.22919737
1.23062547
1.22847944
1.22459499
1.22164131
1.21444145
1.20128430
1.19179011
1.19600488
1.20451118
1.20373878
1.19785197
1.19461719
1.19718248
1.20197364
1.20107242
1.19945284
1.20496415
1.20651295
1.20209746
1.20946052
1.22242866
1.22343729
1.21921127
1.21671457
1.21423920
1.21349783
1.21421400
1.21224961
1.20930450
1.21135637
1.22041090
1.22506074
1.21478289
1.20531617
1.20755664
1.20916942
1.21289866
1.21786774
1.21750644
1.21629603
1.21391036
1.20885983
1.21783970
1.23043626
1.22119456
1.21060482
1.21596140
1.21687989
1.21073696
1.21470550
1.22410517
1.22831245
1.22681894
1.22230941
1.21528418
1.20936310
1.21281634
1.22344785
1.22596039
1.22086498
1.21819793
1.21491822
1.21330065
1.21739197
1.22157316
1.22562637
1.22524293
1.21728286
1.21769837
1.22455308
1.22048542
1.21590299
1.21896950
1.21958605
1.22103625
1.22167467
1.21419805
1.21103326
1.21456125
1.21201130
1.21109601
1.21557219
1.21785642
1.21863856
1.21525546
1.20942628
1.21212839
1.21502529
1.21041182
1.21151557
1.22089179
1.22865370
1.22872692
1.21511001
1.20085619
1.20189787
1.20981843
1.21467921
1.21800152
1.21469813
1.20832248
1.21015309
1.21669249
1.22002125
1.21579905
1.21091741
1.21375258
1.21586217
1.21299730
1.21308594
1.21346056
1.21257413
1.21526161
1.21474369
1.21370988
1.21947729
1.22212892
1.21902349
1.21716959
1.21469332
1.21535258
1.21626082
1.21144771
1.21438533
1.22498470
1.22118598
1.21408508
1.22024685
1.21940222
1.21110969
1.21276422
1.21765892
1.21943740
1.22135925
1.21557550
1.20908411
1.21476712
1.21867918
1.21642539
1.21822411
1.21840044
1.21254267
1.21105755
1.21845634
1.22805626
1.23125683
1.22875388
1.22690567
1.22300825
1.21611202
1.21756179
1.22530508
1.22775792
1.22977281
1.22977593
1.21698981
1.20185138
1.19516685
1.18808928
1.18312232
1.18596929
1.18504928
1.18402923
1.19111803
1.18947700
1.17682128
1.17251211
1.17438391
1.17205783
1.17059987
1.16918048
1.16772760
1.17375163
1.18287019
1.18688870
1.19312218
1.19584833
1.19209846
1.19266507
1.20074797
1.20931497
1.21857936
1.22779175
1.23027160
1.22789506
1.22853433
1.23264117
1.23465987
1.23093661
1.22772298
1.23347110
1.24138073
1.24210041
1.24109894
1.24179710
1.23810681
1.23525392
1.23881882
1.24157274
1.23963556
1.23998516
1.24294566
1.24291364
1.24293632
1.24730066
1.26462075
1.29599357
1.32636499
1.34560723
1.36835222
1.40483640
1.43258660
1.41102584
1.31881434
1.19338955
1.10729904
1.07204231
1.02057832
0.92591004
0.86454698
0.90041016
1.00173281
1.09976914
1.17636308
1.23614979
1.27117509
1.28464941
1.28197295
1.26291265
1.24150849
1.23138071
1.22647681
1.22599803
1.22873990
1.23137900
1.23544654
1.23509804
1.22871296
1.23121125
1.24006720
1.24124413
1.24144782
1.24154614
1.23315327
1.23113619
1.23821843
1.23704793
1.23234904
1.23480105
1.23778195
1.23580787
1.23289942
1.23353302
1.23665847
1.23584866
1.23338410
1.23492940
1.23539499
1.23384314
1.23492759
1.23539536
1.23848376
1.24596607
1.24813951
1.24671245
1.25109843
1.25524605
1.25388240
1.25648428
1.25852123
1.25336189
1.24806528
1.24654103
1.24675390
1.24905034
1.25130760
1.25160421
1.25629307
1.26225401
1.25513652
1.23824451
1.22487751
1.21366565
1.20142267
1.18365305
1.13359698
1.04958918
0.97873704
0.96768359
1.04007732
1.17402969
1.29102791
1.33156719
1.29590917
1.19112973
1.07791958
1.04936960
1.10058425
1.16006421
1.22470785
1.31412204
1.38764361
1.40921568
1.38604443
1.33656592
1.28453204
1.24583684
1.22558140
1.21977116
1.21011673
1.19082949
1.17915475
1.17896902
1.17895495
1.17675552
1.17302817
1.17574233
1.19064065
1.20086017
1.19149973
1.18501102
1.19043017
1.18691149
1.17356963
1.17127082
1.18049593
1.18413441
1.17967703
1.17674072
1.17616810
1.17734360
1.17997417
1.17966060
1.17695435
1.17797004
1.17862998
1.17487486
1.17468942
1.17704520
1.17756362
1.18043055
1.17864141
1.16558086
1.15767543
1.16833132
1.19477267
1.22861662
1.25547718
1.25835459
1.24839493
1.24760172
1.24974245
1.23946059
1.22878832
1.23229457
1.23818519
1.23217564
1.22521140
1.22881031
1.23501289
1.23032269
1.22074983
1.21719846
1.21648858
1.21214203
1.21093982
1.22072712
1.22570613
1.21529601
1.20471305
1.20769773
1.21396564
1.21910310
1.22516598
1.22492061
1.22038802
1.22096963
1.22168844
1.21828601
1.21622323
1.21374279
1.20798042
1.20664211
1.20834749
1.20379869
1.19703395
1.20045574
1.20950602
1.21274511
1.21345259
1.21689805
1.21627306
1.21112644
1.21292667
1.21762870
1.21464563
1.21193669
1.21204662
1.20817694
1.20468251
1.20887154
1.21605089
1.21631454
1.20825732
1.20432102
1.21315577
1.22050559
1.21968737
1.21743258
1.21544355
1.21512856
1.21542021
1.20884326
1.20547936
1.21206484
1.21264177
1.20612728
1.20582556
1.20824378
1.20370703
1.19653035
1.19388622
1.19978857
1.20394853
1.20045787
1.20027465
1.20782935
1.21112928
1.21087518
1.21046371
1.20815782
1.20621564
1.20395328
1.20304526
1.20744356
1.20981983
1.21200424
1.21848162
1.21315570
1.19710692
1.19785788
1.20698223
1.20346837
1.20545357
1.21682176
1.21472248
1.20426264
1.20266293
1.20390908
1.19704543
1.18599054
1.18176346
1.18149821
1.17455893
1.16423084
1.16227057
1.16979643
1.17450493
1.16977949
1.16329525
1.16432248
1.17033855
1.17990579
1.19735235
1.22096531
1.24691504
1.27557625
1.30038115
1.32186993
1.33950298
1.34929274
1.35470591
1.35503396
1.34581824
1.33903864
1.33832788
1.32944771
1.31291072
1.29447136
1.27202393
1.25580647
1.24710012
1.23934349
1.24096831
1.24643624
1.24116354
1.23568650
1.23301352
1.22004474
1.21213355
1.21918612
1.22356994
1.22289265
1.22520895
1.22626333
1.22620018
1.22586747
1.22378971
1.23914233
1.28906679
1.34555881
1.38318595
1.42309299
1.47864734
1.51226931
1.48342595
1.39604139
1.28998172
1.21758045
1.19785561
1.17022003
1.06801487
0.93915207
0.88778117
0.94170236
1.03816656
1.11026554
1.16454111
1.22401374
1.26620137
1.27579478
1.27355818
1.26885153
1.26137191
1.26444222
1.27910196
1.28978871
1.29075918
1.28758656
1.28252811
1.27280118
1.26589229
1.27371455
1.28890587
1.29390493
1.29323182
1.29696513
1.30173793
1.30430005
1.30685703
1.30933743
1.31296826
1.31619248
1.31273980
1.31024091
1.31352468
1.31489277
1.31257522
1.31375737
1.31644107
1.31626429
1.31575217
1.31639164
1.31521345
1.31535697
1.32180292
1.32614383
1.32072876
1.31446957
1.31305966
1.30912080
1.30020344
1.29467768
1.29774738
1.30113177
1.29762321
1.29390012
1.29434221
1.29669911
1.30171463
1.31012089
1.31237394
1.30820180
1.30929290
1.31451686
1.31472331
1.31102359
1.30371226
1.29165859
1.28504265
1.29030242
1.29444418
1.29508025
1.30018495
1.30316635
1.29702679
1.28957471
1.28446981
1.27772221
1.27278547
1.27314328
1.27086627
1.26039836
1.24939709
1.24548158
1.24472199
1.24490415
1.24584378
1.24095546
1.23260748
1.22901762
1.22618953
1.22693982
1.23249642
1.23218266
1.22683682
1.22506459
1.22322926
1.21887636
1.21784528
1.22069643
1.22736109
1.23231967
1.23310669
1.23207246
1.23158128
1.23187937
1.23706228
1.23797603
1.23032997
1.22841895
1.23213453
1.22820602
1.22646227
1.23110201
1.23025828
1.23067604
1.23626158
1.23598161
1.23476727
1.23841169
1.23572387
1.23320234
1.23856613
1.24083754
1.24003809
1.24097739
1.24213748
1.24640811
1.25162930
1.25079867
1.25000861
1.25182181
1.25229973
1.25504177
1.26065647
1.26284581
1.26313542
1.26405792
1.26221767
1.26063904
1.26008545
1.25332592
1.23754037
1.22698769
1.22953962
1.23674307
1.24518636
1.25556718
1.25809952
1.26121010
1.26960159
1.26461617
1.25148867
1.25032798
1.25252132
1.25396974
1.26135730
1.26884309
1.27681169
1.28585049
1.27782453
1.26734775
1.27871421
1.28751021
1.28154763
1.27755382
1.27179135
1.26788357
1.27430539
1.27084497
1.25932371
1.26358560
1.26861371
1.26637613
1.27336289
1.28110382
1.27972223
1.28133723
1.28184420
1.27674729
1.27595475
1.27650003
1.27164768
1.26741638
1.26706411
1.26911145
1.26851210
1.26647566
1.26333037
1.25382059
1.24779560
1.25791256
1.27176359
1.27944748
1.28096893
1.27077487
1.26141390
1.26800161
1.27601941
1.27615379
1.27769210
1.27461161
1.26941162
1.26935669
1.27149122
1.27592674
1.28165046
1.28039243
1.27500030
1.27169814
1.27099099
1.27901861
1.28195649
1.27190507
1.26976894
1.27622410
1.27626388
1.27943970
1.28258361
1.27483915
1.27214485
1.27440379
1.27102981
1.27463610
1.27892972
1.27111526
1.27221563
1.27970511
1.27075028
1.26145847
1.26551821
1.26530519
1.25378380
1.24237248
1.23996956
1.24416763
1.24566375
1.24444707
1.24364930
1.24147984
1.24332834
1.24558439
1.24071752
1.23742058
1.23076801
1.21556359
1.21824038
1.24079663
1.25451251
1.25817169
1.26301246
1.26053974
1.25901093
1.26941471
1.27555803
1.26847938
1.25992885
1.25620034
1.26223256
1.27345729
1.27680833
1.27995940
1.28887302
1.29068323
1.28837280
1.29478516
1.30020897
1.29989379
1.30586226
1.31512908
1.31660411
1.31408271
1.31314084
1.31466382
1.32849467
1.34128046
1.33007672
1.31240836
1.30924511
1.30587314
1.30549608
1.33184563
1.37415830
1.41263629
1.45471696
1.51392656
1.58974060
1.64342488
1.61623682
1.51717582
1.40364487
1.32239356
1.29585583
1.25949066
1.11610172
0.95181290
0.92250806
1.01443031
1.12010487
1.20906525
1.29762097
1.36215744
1.38587940
1.37649288
1.34999071
1.32857586
1.31922917
1.31807702
1.32421107
1.33301630
1.34414817
1.35092842
1.34370345
1.33772648
1.34224338
1.33880503
1.33355330
1.34406280
1.34799200
1.33847720
1.33788133
1.34195687
1.33659995
1.33578320
1.34467433
1.35096688
1.34696496
1.33267771
1.32000384
1.32622891
1.34445110
1.35784169
1.36909446
1.37140861
1.35654411
1.34783251
1.36398638
1.37234338
1.35455813
1.34048804
1.33484271
1.31522985
1.29099601
1.28525959
1.30038240
1.34274614
1.40590642
1.44877409
1.45307577
1.43977034
1.42509000
1.41063607
1.40107852
1.39926928
1.39487657
1.38972811
1.39243308
1.39480455
1.39064545
1.39015867
1.39534890
1.39436350
1.39211459
1.39205201
1.38679974
1.38628500
1.38801085
1.37850407
1.37188006
1.37865616
1.37921647
1.37087643
1.36277427
1.35482589
1.34837146
1.34470787
1.33858802
1.33293725
1.33175194
1.33177438
1.33219340
1.32945699
1.32136221
1.31868395
1.31991686
1.32142817
1.32712633
1.32963025
1.32286577
1.31631004
1.31067056
1.30372870
1.30352365
1.30629878
1.30706137
1.31044668
1.31193136
1.31225078
1.31865850
1.32149230
1.31683214
1.31432184
1.31452591
1.31104262
1.30690370
1.30975509
1.31774226
1.31959540
1.31357642
1.31333131
1.31896567
1.32250697
1.32927453
1.33458438
1.33015821
1.32434857
1.32280426
1.32134347
1.31481572
1.30020319
1.28731937
1.29170800
1.29808456
1.29147277
1.28447406
1.27933052
1.27188735
1.27766539
1.29309883
1.30602786
1.32536917
1.34649707
1.34534866
1.32997129
1.32532770
1.32885497
1.33434627
1.34839853
1.36207112
1.35884899
1.34670630
1.33594802
1.31790114
1.30601099
1.31450031
1.32104489
1.31203323
1.30340791
1.29986550
1.29593675
1.29908492
1.30645094
1.30849790
1.31136098
1.31809198
1.32337869
1.32349419
1.31350162
1.29777852
1.29333729
1.30306327
1.31726457
1.32889631
1.32532889
1.31120496
1.30346737
1.30385983
1.30812812
1.31575972
1.31688579
1.30721895
1.30007391
1.29882445
1.30138774
1.31006080
1.31941193
1.32120095
1.31612470
1.30687755
1.29829365
1.29942571
1.30550916
1.30487087
1.30430973
1.30816205
1.30764179
1.30078561
1.29888692
1.30434896
1.30446467
1.29447305
1.28388233
1.27821308
1.27462104
1.27480255
1.27796636
1.28072714
1.28416785
1.28547222
1.28057252
1.27915978
1.28501817
1.28486669
1.28295108
1.28679967
1.28124957
1.26590839
1.26375012
1.27336739
1.27561655
1.27106906
1.26653028
1.26442794
1.26396807
1.26244587
1.25841401
1.25653454
1.25959280
1.25985837
1.25314419
1.24885105
1.25110337
1.24761957
1.23460996
1.22700513
1.22488610
1.22282770
1.22928928
1.23632453
1.22976120
1.21696806
1.20827033
1.20340763
1.20369591
1.20554751
1.20731150
1.21559749
1.22660359
1.23286544
1.23882448
1.24010216
1.23110825
1.21949217
1.21004748
1.20681851
1.21610832
1.22945882
1.23695584
1.24343392
1.25496515
1.26604495
1.26915024
1.26509141
1.26054711
1.25575368
1.25052268
1.24450816
1.23998951
1.24246033
1.25406679
1.26283895
1.26674916
1.27099149
1.26765896
1.26018612
1.26259304
1.26807164
1.26562443
1.27120478
1.29550334
1.32946478
1.36570023
1.41050201
1.47481962
1.54561702
1.57328981
1.52595143
1.42733841
1.32002324
1.23085754
1.15664111
1.05484619
0.92188803
0.84207622
0.88174891
0.99719212
1.09621320
1.16825352
1.24202866
1.29369970
1.30860033
1.30986361
1.30108750
1.27626294
1.25026930
1.23720616
1.23581235
1.24247425
1.25073699
1.25284000
1.25280271
1.25413433
1.25276582
1.24530631
1.23685002
1.23335411
1.23146627
1.23077799
1.23989698
1.25776212
1.26300317
1.25266309
1.25054658
1.25970936
1.25955695
1.25765067
1.26636227
1.26558881
1.25430537
1.25364925
1.25780077
1.25699847
1.25734459
1.25476094
1.24896237
1.25302591
1.26169362
1.26717909
1.27417181
1.26992310
1.25357975
1.24896810
1.25956609
1.27017381
1.27613285
1.27590668
1.27421899
1.27582843
1.27326447
1.26853297
1.26742940
1.26685706
1.27027773
1.27505071
1.26948616
1.26257353
1.26293428
1.25968129
1.25915301
1.26814909
1.27489517
1.27512537
1.27074466
1.26159197
1.26674573
1.28852574
1.30252192
1.31154511
1.32771383
1.34673886
1.36643992
1.38206937
1.38702549
1.38717126
1.38538751
1.37857144
1.36982984
1.35870033
1.34412372
1.33078627
1.31763895
1.29632409
1.26931732
1.24532900
1.23096999
1.22243353
1.21664533
1.21559215
1.21401319
1.20365794
1.19006855
1.18131346
1.17833994
1.18301107
1.18906922
1.18584007
1.17843953
1.17548427
1.17917929
1.18533349
1.18792386
1.18789469
1.18929455
1.19311504
1.19920991
1.20292240
1.20176106
1.19825530
1.19455763
1.18710146
1.17925040
1.17577955
1.17776577
1.18701517
1.19302440
1.18746963
1.18129780
1.18067253
1.17950562
1.18260003
1.19247434
1.19637173
1.19467719
1.19354327
1.18852223
1.18186664
1.18653316
1.19853671
1.20341613
1.20072844
1.19774321
1.19773703
1.20052665
1.20192047
1.20041202
1.20422282
1.21810791
1.22783264
1.22947126
1.23069806
1.23358270
1.23481912
1.23452087
1.22988519
1.22525579
1.22924803
1.23629373
1.23379706
1.22390630
1.21666438
1.21644274
1.21666699
1.21374437
1.21199781
1.21130438
1.21219553
1.21447729
1.21079512
1.20257058
1.19690703
1.19354103
1.19310357
1.19558309
1.19243361
1.18734215
1.18543417
1.18208559
1.18028611
1.18400586
1.18582524
1.18482793
1.18232318
1.17759229
1.17563830
1.17529083
1.17477277
1.17853110
1.17948330
1.17046373
1.16274278
1.16202513
1.16484138
1.17297890
1.17805121
1.17378830
1.17177299
1.16443340
1.14974211
1.15015789
1.16474885
1.16744164
1.16259496
1.16526306
1.16683866
1.16609305
1.16916162
1.16554676
1.15913872
1.16753623
1.17968944
1.17198757
1.16049350
1.16608678
1.17211327
1.16933653
1.17105323
1.17104120
1.16308520
1.16223773
1.16355048
1.15564805
1.14832645
1.14197393
1.13118386
1.12504140
1.12346023
1.11906443
1.11706123
1.12038377
1.12838379
1.13130511
1.12192261
1.11392747
1.11516635
1.11357563
1.11151489
1.10901605
1.10191456
1.10199678
1.10799531
1.10881016
1.11565866
1.13145907
1.13858032
1.13821537
1.13767604
1.13593034
1.14230208
1.15476639
1.15730237
1.15500641
1.15579212
1.15720561
1.15716614
1.15724074
1.16053749
1.16846728
1.17294299
1.17397742
1.17547633
1.17562183
1.17364560
1.16976896
1.16359773
1.16434000
1.16908070
1.16465107
1.15417306
1.14835966
1.15188692
1.17269255
1.21710983
1.26984225
1.31132504
1.34923219
1.39941819
1.43159999
1.39873994
1.30601139
1.20386801
1.13820385
1.11456676
1.06566021
0.94621425
0.83964542
0.83895466
0.92398162
1.02316855
1.10477814
1.16871041
1.21503057
1.23985808
1.24023592
1.22454444
1.20665168
1.19261008
1.18722992
1.18968782
1.18960143
1.18636694
1.18584110
1.18525101
1.18205600
1.18354043
1.18670493
1.18238410
1.18229126
1.19329807
1.19548354
1.18908996
1.19379437
1.19974054
1.19561257
1.19221598
1.19164309
1.18991923
1.19449539
1.20046520
1.20589774
1.21188165
1.21219129
1.21057278
1.21400260
1.21385380
1.21221531
1.22035850
1.22833496
1.22928716
1.22799764
1.22435879
1.22266524
1.22216059
1.22049436
1.22300235
1.22501075
1.22100556
1.22330558
1.22830176
1.22731330
1.23058895
1.23367295
1.22862190
1.22942278
1.22636810
1.21262212
1.21346977
1.22708019
1.23196623
1.23315019
1.23320691
1.23243003
1.23724876
1.24156872
1.24006859
1.23783150
1.23399579
1.23007978
1.23117762
1.22945441
1.22359046
1.22025930
1.21766641
1.21711025
1.21817470
1.21459280
1.20862439
1.20300541
1.19415209
1.18461626
1.17919836
1.17812262
1.17668626
1.16973929
1.16487996
1.16910817
1.17263021
1.17165256
1.16909916
1.16442899
1.16120104
1.16235101
1.16231680
1.16505849
1.16517734
1.15553030
1.15141561
1.15634448
1.16189629
1.17085961
1.17341407
1.16551881
1.16423803
1.16423286
1.15435164
1.15357709
1.16009994
1.16105412
1.16533816
1.16712963
1.16270093
1.16281551
1.16237416
1.16177872
1.16849647
1.16608009
1.15740594
1.15914796
1.15431778
1.14452790
1.14997784
1.15414003
1.15202695
1.15894599
1.16330040
1.15995509
1.16188408
1.16540082
1.16691602
1.16584450
1.15584087
1.14975720
1.15746097
1.16383388
1.16419331
1.16515711
1.16441020
1.16497422
1.16719588
1.16548186
1.16802713
1.17616444
1.17668942
1.16957043
1.16458476
1.16556219
1.16711284
1.16603044
1.16947790
1.17684210
1.17847851
1.17777505
1.18165362
1.18135448
1.17672191
1.17668050
1.17616293
1.17109723
1.16638604
1.16333556
1.16248185
1.16941712
1.17604239
1.17579299
1.18019974
1.18651682
1.18265089
1.17877461
1.18583286
1.18920953
1.18410622
1.18335597
1.18347780
1.17620242
1.17024557
1.16961620
1.17220677
1.17678200
1.17536867
1.17259298
1.17578839
1.17902958
1.17738130
1.17488164
1.17018949
1.16290771
1.15889357
1.16168407
1.17150545
1.18585475
1.19742351
1.19825825
1.19033973
1.18278623
1.18301818
1.18292706
1.17912034
1.17705446
1.17557035
1.17197477
1.17430512
1.17774709
1.17774135
1.18018127
1.18480685
1.18756389
1.18672218
1.18102978
1.17665699
1.17640151
1.17585777
1.17705429
1.18063240
1.18341773
1.19004567
1.19693070
1.19467951
1.19150716
1.18644841
1.17600368
1.17303873
1.17500566
1.17210540
1.17478763
1.17850680
1.17457762
1.17442380
1.17508004
1.16364344
1.15304231
1.14980307
1.15098329
1.16106577
1.16812948
1.16213809
1.15581948
1.15338435
1.14876925
1.14404635
1.13948363
1.13846782
1.13846807
1.13435772
1.13374089
1.14162831
1.15056481
1.15950509
1.16670823
1.16651608
1.16827654
1.17317780
1.17421086
1.17391714
1.17671070
1.18546423
1.20573735
1.22002564
1.21774279
1.21568234
1.21677022
1.21267491
1.20969064
1.21105786
1.21378696
1.21752077
1.21993667
1.21998215
1.21970180
1.21622644
1.20931039
1.20385436
1.20339708
1.20897256
1.21321657
1.21178934
1.20949443
1.20961617
1.22484484
1.26749668
1.31486949
1.35244745
1.40370523
1.46366823
1.48373716
1.43691717
1.34088497
1.24060548
1.17921979
1.14504718
1.07682267
0.95625706
0.86575306
0.88643864
0.99185391
1.09457170
1.16948253
1.22901473
1.25898346
1.26086004
1.25318980
1.23733475
1.22340538
1.22082193
1.21996394
1.22114866
1.22175686
1.21542707
1.21886392
1.23305863
1.22801542
1.21257272
1.21621222
1.22658279
1.22639235
1.22367807
1.22040557
1.21502869
1.21611522
1.22388923
1.22914469
1.23231690
1.23797324
1.24212554
1.23783193
1.22826979
1.22693410
1.23300721
1.24056520
1.25139061
1.25817308
1.25537501
1.25284518
1.25358243
1.25133133
1.25590397
1.26767281
1.26851333
1.26097731
1.26154138
1.26182727
1.26012681
1.26285065
1.26382716
1.26270097
1.26274747
1.26137261
1.26475072
1.27356208
1.27477587
1.27091318
1.27275023
1.27744786
1.27810635
1.27050566
1.26002074
1.26259031
1.27203452
1.27700745
1.28365890
1.28322017
1.26989890
1.26336742
1.26408896
1.25884812
1.25806212
1.25931844
1.25139034
1.24572070
1.24400681
1.24276971
1.24552369
1.24172386
1.22777704
1.22428958
1.23208257
1.23661305
1.23899550
1.24081120
1.23667573
1.22520043
1.21039260
1.20173281
1.20134973
1.20202295
1.20387328
1.20277636
1.19813036
1.19717690
1.19614291
1.19352220
1.19576984
1.19427063
1.18885633
1.19248853
1.19236328
1.18365980
1.18553602
1.19313193
1.19523460
1.20365587
1.21218252
1.20722223
1.20384359
1.20646399
1.20480746
1.20831402
1.22038680
1.22524129
1.21551276
1.20511999
1.20993027
1.22058618
1.22130339
1.22223122
1.22480799
1.21591467
1.20802696
1.21043666
1.20959421
1.21128708
1.22054614
1.21799254
1.20753435
1.20331584
1.19988686
1.20024822
1.21190597
1.21971474
1.22154165
1.22729477
1.22886477
1.22318984
1.22350256
1.22791280
1.22806665
1.23544856
1.24732863
1.24472643
1.23294374
1.22845999
1.22796415
1.22677776
1.22397278
1.21091274
1.19551332
1.19733851
1.20897549
1.22230649
1.24056229
1.24802975
1.23621954
1.22507620
1.21934138
1.21458281
1.22087671
1.22988645
1.22681420
1.22375026
1.22865511
1.23031499
1.22946425
1.23683193
1.24941150
1.25678278
1.25653191
1.25303233
1.24609130
1.23596633
1.23177112
1.23625612
1.24194257
1.24291994
1.24017293
1.23755843
1.24027822
1.24798068
1.25439432
1.25290598
1.24538256
1.23718214
1.22814984
1.22163177
1.22135798
1.22222838
1.22358212
1.23265860
1.24418683
1.25080646
1.25231814
1.24710266
1.24006166
1.23557721
1.22972679
1.22533215
1.22752917
1.23098656
1.23558327
1.24173356
1.24112650
1.23858689
1.24363510
1.25042598
1.25008162
1.24203708
1.23564461
1.23593917
1.23815349
1.23715394
1.23535753
1.23922533
1.25289412
1.26061718
1.25155362
1.25050872
1.25978877
1.25113784
1.24413118
1.25444718
1.24779342
1.23316896
1.24261846
1.25280236
1.24547688
1.23834933
1.22493000
1.20536397
1.19782073
1.19368661
1.18766478
1.18843710
1.19427570
1.20181359
1.20824675
1.20529031
1.19597628
1.18645660
1.17759836
1.17538420
1.17639563
1.18031282
1.19042364
1.19350069
1.18703238
1.19359640
1.21002032
1.21838228
1.22234790
1.22387700
1.22584296
1.23633017
1.24667416
1.24762311
1.24696330
1.25112791
1.26049318
1.26774216
1.25875320
1.23864368
1.22791432
1.23073699
1.23701659
1.23916591
1.24242081
1.24443296
1.23692896
1.23217351
1.24586018
1.26053469
1.25976597
1.25638516
1.25942830
1.25822933
1.25451950
1.26791474
1.31208428
1.35996186
1.38275144
1.40392331
1.44529899
1.49172660
1.53255078
1.55327733
1.53726182
1.49670370
1.42926208
1.33234341
1.25582721
1.21193204
1.13134413
1.01284620
0.95061451
0.99195411
1.08807194
1.16642548
1.21774593
1.26950842
1.31293426
1.33505710
1.34078026
1.32963285
1.31019438
1.29710203
1.28966184
1.29026960
1.29866308
1.29802499
1.29037206
1.28780695
1.28072423
1.27122488
1.27742104
1.28885228
1.28538985
1.27138964
1.26002705
1.26015730
1.26913184
1.27489905
1.27620129
1.27908591
1.28352496
1.28737102
1.28726512
1.28665616
1.28779551
1.28735741
1.29000363
1.29801456
1.29922131
1.29443918
1.29624855
1.30236077
1.30165008
1.29447721
1.28890937
1.29338160
1.30122761
1.30015888
1.29453075
1.29240758
1.29180170
1.28623206
1.28285417
1.28666465
1.29019108
1.28755410
1.28762593
1.28805716
1.28122123
1.27895283
1.28530580
1.28307476
1.27218571
1.26911735
1.26951652
1.26676251
1.26624048
1.26860306
1.27294879
1.27600644
1.27362099
1.27186641
1.27586295
1.27555261
1.27270720
1.27805638
1.28364745
1.27731826
1.26547160
1.26087929
1.25549780
1.23975675
1.22709565
1.22798248
1.23442344
1.23922531
1.24067522
1.23270206
1.22237349
1.22200574
1.22481770
1.21904278
1.21273123
1.21697365
1.22147448
1.21381189
1.20839867
1.21257968
1.21557194
1.22055996
1.22843158
1.22287992
1.21106854
1.21402560
1.22178396
1.22225939
1.22474448
1.22840087
1.22902703
1.23099254
1.23174210
1.23283826
1.23512402
1.23428669
1.22930899
1.22154593
1.21580018
1.21809837
1.22579864
1.23121211
1.23019892
1.22192049
1.21766709
1.22368833
1.22548520
1.22221742
1.22804648
1.23329291
1.23027995
1.22967344
1.22859313
1.22512912
1.22743095
1.23325171
1.23858857
1.23688931
1.22155769
1.20931379
1.21750317
1.22780814
1.22830833
1.22750109
1.22531253
1.22004305
1.21038004
1.19455654
1.18622553
1.19431166
1.21099195
1.22839655
1.23646528
1.22859323
1.21997933
1.21890111
1.22007681
1.22414434
1.22525171
1.21748271
1.21275843
1.20978835
1.19789246
1.19667059
1.21315438
1.22100107
1.21534931
1.21153248
1.20895437
1.20375751
1.20099538
1.20336264
1.20378098
1.20114307
1.19961861
1.20061041
1.19915235
1.19796014
1.20213655
1.20740156
1.20463687
1.19488918
1.18696887
1.18769423
1.19185235
1.18365847
1.16841667
1.16266410
1.16570700
1.16876308
1.17069094
1.17132797
1.17454192
1.18120395
1.18083165
1.17263012
1.16606811
1.16103993
1.16028189
1.17018413
1.17912434
1.17689411
1.17193429
1.17253025
1.17649685
1.17725265
1.17458509
1.17767405
1.18228816
1.17744043
1.17159066
1.17086979
1.16564268
1.16310654
1.16674103
1.16233298
1.15546053
1.16169021
1.16918584
1.17283063
1.17501814
1.17559221
1.17633298
1.17664475
1.17178788
1.16338821
1.14947718
1.13355547
1.12815582
1.12870081
1.12978244
1.13361014
1.13304844
1.12878051
1.12663287
1.12010874
1.11371309
1.11179846
1.10296079
1.09651776
1.10159036
1.10162865
1.10109202
1.11003043
1.11366495
1.11869183
1.12920719
1.12245656
1.11270055
1.12158333
1.12604790
1.12440696
1.13676318
1.15279508
1.16322653
1.17397324
1.17600731
1.17009201
1.17019400
1.17428992
1.17351504
1.17215622
1.17533797
1.17786200
1.17604347
1.17816435
1.17834948
1.16886586
1.16945478
1.17979149
1.18057244
1.17917949
1.18070480
1.17159269
1.16670426
1.17155144
1.17550049
1.19837278
1.24211377
1.27257486
1.29046244
1.31919210
1.35495276
1.37743887
1.35880059
1.29209971
1.21660210
1.16646084
1.14515631
1.12629658
1.05841659
0.95939357
0.92234041
0.97377194
1.05868922
1.12550352
1.16579488
1.19125394
1.20910575
1.21339792
1.20967041
1.20720721
1.19880728
1.18651107
1.17978410
1.17903065
1.18469487
1.19060389
1.19506802
1.20562480
1.21001914
1.20427182
1.20524147
1.20701468
1.19939598
1.19461214
1.19034464
1.18427743
1.19003137
1.19811783
1.19447257
1.19030552
1.18946769
1.19204565
1.19649669
1.19178595
1.18908114
1.20151255
1.20490893
1.19808535
1.20162592
1.20334731
1.19946052
1.20409971
1.20854195
1.20623423
1.20478188
1.20582812
1.20908154
1.21541537
1.21979009
1.22222963
1.21919454
1.21776574
1.22594301
1.23073983
1.22598007
1.22788127
1.23252385
1.23156405
1.23072081
1.22853236
1.22774749
1.23439689
1.23522168
1.22854425
1.22676812
1.23027103
1.23238837
1.22731650
1.21504433
1.21240654
1.22382779
1.22814626
1.22002042
1.21280595
1.21459878
1.21866389
1.21635513
1.21105171
1.20898518
1.20421523
1.19570753
1.19189679
1.19226778
1.19288183
1.19311604
1.18810386
1.17816613
1.17155007
1.16937760
1.16953707
1.17121883
1.16971690
1.16069893
1.14917576
1.14117417
1.13994937
1.14306706
1.15141438
1.15980780
1.15984314
1.15694820
1.15826632
1.15437740
1.15213578
1.15931795
1.16179701
1.15461821
1.15070869
1.15132357
1.15318043
1.15394396
1.15439550
1.15700141
1.15701679
1.15078307
1.14834657
1.15112519
1.15558811
1.16281307
1.16460805
1.16233718
1.16242466
1.15908096
1.15575183
1.15966119
1.15822655
1.15388896
1.15948585
1.16045015
1.15217962
1.15162729
1.15452057
1.15521507
1.16178155
1.16677109
1.16746422
1.17150746
1.17182162
1.16738194
1.16594612
1.16516340
1.16364696
1.16167217
1.15777742
1.15767604
1.16194892
1.16660948
1.17319576
1.17590459
1.17153927
1.16983987
1.17030765
1.16678836
1.16729984
1.17012559
1.16833680
1.16775929
1.16684616
1.16086525
1.15883834
1.16441879
1.17395611
1.17920639
1.17845032
1.18195534
1.18714237
1.18363756
1.17716534
1.17425071
1.16776250
1.16008725
1.15963164
1.16333660
1.17072852
1.17517290
1.17397571
1.17631822
1.17347258
1.16149308
1.16222340
1.17047242
1.17114839
1.17618393
1.18417200
1.17969388
1.16954300
1.16322998
1.16047647
1.16381093
1.17041665
1.17570139
1.18244285
1.18532885
1.18112468
1.17953465
1.18465324
1.18750632
1.18569753
1.18436130
1.18464494
1.18010005
1.17719664
1.18204036
1.18372930
1.17648881
1.17357784
1.17528078
1.17511401
1.17750363
1.17947654
1.17810840
1.18113992
1.18558577
1.18590590
1.18517109
1.18346941
1.18314635
1.18383100
1.18214001
1.18025589
1.18167847
1.18186242
1.18151990
1.18265421
1.18705280
1.19990059
1.21210355
1.20989035
1.20062990
1.19442056
1.19134794
1.19445312
1.20102436
1.20162116
1.19968470
1.19884422
1.19578668
1.19182779
1.19235990
1.19474349
1.19390699
1.19590480
1.19783168
1.18568315
