3.48657892
3.48084209
3.48005262
3.48236844
3.48663158
3.48900001
3.49363159
3.50042104
3.50310525
3.50773686
3.51557897
3.51778946
3.51900001
3.52278948
3.52163158
3.52121052
3.52478947
3.52605262
3.52884209
3.53399999
3.53415788
3.53084208
3.52878946
3.52968420
3.53300001
3.53405260
3.53168420
3.52805262
3.52110528
3.51231576
3.50568421
3.49894736
3.49168420
3.48584212
3.47863159
3.47252629
3.47210526
3.47731579
3.48389476
3.48863159
3.49289474
3.49784210
3.50078945
3.50521054
3.51278947
3.51736840
3.52036843
3.52663156
3.53078949
3.53394736
3.53863159
3.53921053
3.53789476
3.53878947
3.53763161
3.53642107
3.53542106
3.53189475
3.53189475
3.53568421
3.53652630
3.53926317
3.54431577
3.54236841
3.53910526
3.54168423
3.54642104
3.54721054
3.54342106
3.54215789
3.54389472
3.54052630
3.53947366
3.54678946
3.54757896
3.54005265
3.53610529
3.53347367
3.52905263
3.52578947
3.51842105
3.51294738
3.51705263
3.52131580
3.52252630
3.52584208
3.52689473
3.52852632
3.53768421
3.54489476
3.54015790
3.52884208
3.51852632
3.51147364
3.50878944
3.51068420
3.51589476
3.52242104
3.52884210
3.53315790
3.53573684
3.53752629
3.53605263
3.53373684
3.53626316
3.53952630
3.54073685
3.54447370
3.54500000
3.54052631
3.54057896
3.54331579
3.54305264
3.54215788
3.53905262
3.53694738
3.53931577
3.53989474
3.53931580
3.54168421
3.53957893
3.53626315
3.53736840
3.53431580
3.53121053
3.53384211
3.53326320
3.53057893
3.53231577
3.53515789
3.53821052
3.53905262
3.53647368
3.53842105
3.53905265
3.53157895
3.53121050
3.53821054
3.53831578
3.53768422
3.54021052
3.54094737
3.54310526
3.54252631
3.53736842
3.53689471
3.53831580
3.53773686
3.54089477
3.54300000
3.54247370
3.54631579
3.54731581
3.54415790
3.54447368
3.54257891
3.53836840
3.53963159
3.54168420
3.54131578
3.54115789
3.53894738
3.53926318
3.54478946
3.54673684
3.54584210
3.54600000
3.54352635
3.54168420
3.54305264
3.54252633
3.54157894
3.54073684
3.53710528
3.53652632
3.53778949
3.53289471
3.52889473
3.53110527
3.52926315
3.52421053
3.52578947
3.52784210
3.52273684
3.51663159
3.51500000
3.51463156
3.51515789
3.51626315
3.51768421
3.51905260
3.51789474
3.51378947
3.51247371
3.51310526
3.51184207
3.51315791
3.51668422
3.51715791
3.51931578
3.52484211
3.52594734
3.52226316
3.51931579
3.51799999
3.51915788
3.52389477
3.53210530
3.53963159
3.54068422
3.53957895
3.54136844
3.54178945
3.54163159
3.54542108
3.54836842
3.54736844
3.54715788
3.54568422
3.54294737
3.54336841
3.54678948
3.54736842
3.54373684
3.53947368
3.53873684
3.53773687
3.53415790
3.53236841
3.52999998
3.52315787
3.51610526
3.51131576
3.50521053
3.49584209
3.48457895
3.47826318
3.48036842
3.48431578
3.48747371
3.49015792
3.49126315
3.49431581
3.49968423
3.50289474
3.50789474
3.51531580
3.51868421
3.52426317
3.53552633
3.54210525
3.54189472
3.54184210
3.54215789
3.54257897
3.54121051
3.53605263
3.53157897
3.52894737
3.52384213
3.52052635
3.52247366
3.52468424
3.52452632
3.52463154
3.52405264
3.52005265
3.51689475
3.51994738
3.52131581
3.51836841
3.51705264
3.51500001
3.50894734
3.50557896
3.50447369
3.50210526
3.50121052
3.50005263
3.49563159
3.49026320
3.48542103
3.48373683
3.48784213
3.49205264
3.49489476
3.49652634
3.49268420
3.48973683
3.49336841
3.49536843
3.49415792
3.49463157
3.49247370
3.48673684
3.48294735
3.48384210
3.49047368
3.49747367
3.50205263
3.50894737
3.51421051
3.51389471
3.51468421
3.51684209
3.51836843
3.52273684
3.52389472
3.51842105
3.51363158
3.50889474
3.50436841
3.50594736
3.50894735
3.50894740
3.51068419
3.51068420
3.50626316
3.50515787
3.50926318
3.51400001
3.51668419
3.52021052
3.52478947
3.52710527
3.52615791
3.52489474
3.52347370
3.52352630
3.52621053
3.52678947
3.52589477
3.52752628
3.52889475
3.52915790
3.53231581
3.53705260
3.54136840
3.54447367
3.54357897
3.54300000
3.54231577
3.53689473
3.52900001
3.51768422
3.50357895
3.49473682
3.49021052
3.48557893
3.48447370
3.48557894
3.48500002
3.48589474
3.48431578
3.48157895
3.48610525
3.49357896
3.49936841
3.50742105
3.51326317
3.51473683
3.51552631
3.51663156
3.52157895
3.52694736
3.52657895
3.52789472
3.53005262
3.52436840
3.52231583
3.52794737
3.52694737
3.52326318
3.52384210
3.52131578
3.51715791
3.51189474
3.50084212
3.49300001
3.48763158
3.47494735
3.46836842
3.47915791
3.49152633
3.49705264
3.50289471
3.50921050
3.51384213
3.52373686
3.54063160
3.54652631
3.53468419
3.52426315
3.52252636
3.51668422
3.50710527
3.50315794
3.50136841
3.49889473
3.49826317
3.49999999
3.50284208
3.50431581
3.50636844
3.51163159
3.51363159
3.51073684
3.50963158
3.51089470
3.51494736
3.52110525
3.52384210
3.52431580
3.52605261
3.52589472
3.52552632
3.52884210
3.53200000
3.53236842
3.53136843
3.53068417
3.53184209
3.53036844
3.52842106
3.53210522
3.53289476
3.52810527
3.52884213
3.52857893
3.51952632
3.51473683
3.51526314
3.50763160
3.49673684
3.49294737
3.49163158
3.48684209
3.48052632
3.47568418
3.47294737
3.47131577
3.47078946
3.47136839
3.47442103
3.48015791
3.48673686
3.49057893
3.49110525
3.49278949
3.50173684
3.51173686
3.51389474
3.51663157
3.52426314
3.52678946
3.52452629
3.52536842
3.52694737
3.52810525
3.52847367
3.52615788
3.52510528
3.52694738
3.52863157
3.53121052
3.53168422
3.52799999
3.52826316
3.53131578
3.53115788
3.53152631
3.53031580
3.52647367
3.52715788
3.52815791
3.52526318
3.52752633
3.53363159
3.53421053
3.53147369
3.53068420
3.53042107
3.52894737
3.52757894
3.53057893
3.53352632
3.53142107
3.53036838
3.53210526
3.53115789
3.53184209
3.53521051
3.53510525
3.53321052
3.53157897
3.53152633
3.53452632
3.53526315
3.53247370
3.53384210
3.53489472
3.53305265
3.53400000
3.53636841
3.53736844
3.53931579
3.53936842
3.53742103
3.53678947
3.53784209
3.54300001
3.54826313
3.54536844
3.54005263
3.53700000
3.52878946
3.51689475
3.51000000
3.50889473
3.50889474
3.50747368
3.50663158
3.50673684
3.50278945
3.50042105
3.50599999
3.51263160
3.51789473
3.52384211
3.52536843
3.52505262
3.52705262
3.52668423
3.52684214
3.52905260
3.52578944
3.52431575
3.52889473
3.52989474
3.52768421
3.52815792
3.52800000
3.52836843
3.52957897
3.52805261
3.52747368
3.52868421
3.52936844
3.53126316
3.53484211
3.53657896
3.53573683
3.53363157
3.53136843
3.52863159
3.52757893
3.53257896
3.53668422
3.53510527
3.53589475
3.53663160
3.53110525
3.52815789
3.52505265
3.51389475
3.50331580
3.49600001
3.48847367
3.48542106
3.48473681
3.48426317
3.48957895
3.49300002
3.49026316
3.49121053
3.49489475
3.49921055
3.50915790
3.51542106
3.51294736
3.51163158
3.50926316
3.50173684
3.49447371
3.48868420
3.48573683
3.48668420
3.48752632
3.48931579
3.49247368
3.49400000
3.49573683
3.49826316
3.50089474
3.50784211
3.51621054
3.52147370
3.52557892
3.52815791
3.53031581
3.53484210
3.53605263
3.53410525
3.53436843
3.53468420
3.53421054
3.53494737
3.53368422
3.53015789
3.52552633
3.52036841
3.51726313
3.51473685
3.50794736
3.50189472
3.50010526
3.50036844
3.50147369
3.49894737
3.49578948
3.49873685
3.50068420
3.50142106
3.51026315
3.51915789
3.52147369
3.52421054
3.52531581
3.52268420
3.52126317
3.51884208
3.51600000
3.51405265
3.50826316
3.50715791
3.51668420
3.52047371
3.51315787
3.50768420
3.50489472
3.50063156
3.49673683
3.49563157
3.49600000
3.49242105
3.48605261
3.48168422
3.47621054
3.46789472
3.46442106
3.46347368
3.45994736
3.45763157
3.45452631
3.44757894
3.44321055
3.44294735
3.44510526
3.45084211
3.45536842
3.45510527
3.45278947
3.45184209
3.45221051
3.45184211
3.45047367
3.44857896
3.44668422
3.44552632
3.44821050
3.45126315
3.45184212
3.45121050
3.45121051
3.45499999
3.46326317
3.47126314
3.47736840
3.48194736
3.48831576
3.49894737
3.50705264
3.50963159
3.51321055
3.51657895
3.51568422
3.51452631
3.51210526
3.50815789
3.50610526
3.49957893
3.49010529
3.49005266
3.49326315
3.49168420
3.49189477
3.49294738
3.49563158
3.50952632
3.52336842
3.52094735
3.50952630
3.50021052
3.49694738
3.50089474
3.50784208
3.51205262
3.51394734
3.51705263
3.52057894
3.52026316
3.51852633
3.51873685
3.51400000
3.50600000
3.50510528
3.50621052
3.50389474
3.50336840
3.50231578
3.50052634
3.50294738
3.50421055
3.50357896
3.50842103
3.51463157
3.51731583
3.51968419
3.52073682
3.52068423
3.52189475
3.52142105
3.52110526
3.52289473
3.52426317
3.52415791
3.52210525
3.51894736
3.51826318
3.51789476
3.51705264
3.51831581
3.51689474
3.51368420
3.51668423
3.51826318
3.51389474
3.51505263
3.51863156
3.51573686
3.51594739
3.52063155
3.52021054
3.51736844
3.51626315
3.51578948
3.51973686
3.52673685
3.52478949
3.51615790
3.51347369
3.51047370
3.50136841
3.49678948
3.49831578
3.49436842
3.49052632
3.49389474
3.49705263
3.49710527
3.49673687
3.49400001
3.49289476
3.49742106
3.50242104
3.50636842
3.51042103
3.51147367
3.51073685
3.51031579
3.50973684
3.50657896
3.49926319
3.49336843
3.49236840
3.49189472
3.49215792
3.49331578
3.48936843
3.48289475
3.48021054
3.47710527
3.47526316
3.47568420
3.47221053
3.46847367
3.46700000
3.46078947
3.45236842
3.44478947
3.43510528
3.42963158
3.42789472
3.42342107
3.42257895
3.42421054
3.42047369
3.42010528
3.42552630
3.42815789
3.43194739
3.44005263
3.44778947
3.45578947
3.46247368
3.46484208
3.46784210
3.47263159
3.47842106
3.48600003
3.49221055
3.49626317
3.49973682
3.50378946
3.51121053
3.51968422
3.52289472
3.52378947
3.52500003
3.52647370
3.53142107
3.53784210
3.54173685
3.54494735
3.54452634
3.54331577
3.54773684
3.54857894
3.54394737
3.54321055
3.54100000
3.53336843
3.52868420
3.52499998
3.51784209
3.51415787
3.51557891
3.51773684
3.51936840
3.51905262
3.51757895
3.51531580
3.51426315
3.51815788
3.52357897
3.52668419
3.53205266
3.53589473
3.53705263
3.54121054
3.54478946
3.54442106
3.54626316
3.54699999
3.54526315
3.54736843
3.54805261
3.54547368
3.54894736
3.55310527
3.55221053
3.55468424
3.56126315
3.56399999
3.56310526
3.56078947
3.55936842
3.56015790
3.55984212
3.55926317
3.56010529
3.56000003
3.56057894
3.56263159
3.56294738
3.55968423
3.55484207
3.55389475
3.55647368
3.55589474
3.55294738
3.55142103
3.54936845
3.54884212
3.55052632
3.54863158
3.54536841
3.54410525
3.54126315
3.54089472
3.54500003
3.54547366
3.54352635
3.54305264
3.54063158
3.53894739
3.53889474
3.53494735
3.53105267
3.52984211
3.52726318
3.52663160
3.53094737
3.53263155
3.53000000
3.52921057
3.53031579
3.53026315
3.53100000
3.53315792
3.53289475
3.53026314
3.52926318
3.52821053
3.52547371
3.52221054
3.51726314
3.51210526
3.50952634
3.50710526
3.50647370
3.51021051
3.51152630
3.51057893
3.51194734
3.51142105
3.51078948
3.51515790
3.51589479
3.51178946
3.50826315
3.50147368
3.49257892
3.48800000
3.48326315
3.48005261
3.48352632
3.48647367
3.48563159
3.48726315
3.49089474
3.49389472
3.50010527
3.51057895
3.51657897
3.51373686
3.51326318
3.52136844
3.52673684
3.52584210
3.52510527
3.52131579
3.51521052
3.51263157
3.51042103
3.50794736
3.51005265
3.51147369
3.51047368
3.51336839
3.51784210
3.52115790
3.52342106
3.52268420
3.52257896
3.52273685
3.51689470
3.50800002
3.50163158
3.49684213
3.49426318
3.49236843
3.48742107
3.48136841
3.47610523
3.46947368
3.46436842
3.46257895
3.46163158
3.45984213
3.45589475
3.45284212
3.45621052
3.46431578
3.47252631
3.47921055
3.48068418
3.47852632
3.48168422
3.48894740
3.49200000
3.49315791
3.49200002
3.48594738
3.48126319
3.48578949
3.49310529
3.49610524
3.49657896
3.49942106
3.50784209
3.51615792
3.51742107
3.51463158
3.50921051
3.49826316
3.49257896
3.49542103
3.49410527
3.49305264
3.50163157
3.50752632
3.50578946
3.50763159
3.51078949
3.51163158
3.51278951
3.51415791
3.51557896
3.51557893
3.51257891
3.51036842
3.50721054
3.49973683
3.49647366
3.49584207
3.49015791
3.48857895
3.49252633
3.49157894
3.48831580
3.48600000
3.48052633
3.47473683
3.46973687
3.46599997
3.46899999
3.47357893
3.47652631
3.48368423
3.48910527
3.48815789
3.48821052
3.48773687
3.48489476
3.48542104
3.48626314
3.48452631
3.48547368
3.48763160
3.48747367
3.48747368
3.48721054
3.48321053
3.47626316
3.47189473
3.47257895
3.47347369
3.47447368
3.47857896
3.47984210
3.47821053
3.47936840
3.48015790
3.48052633
3.48505262
3.48857895
3.48978947
3.49210526
3.49242106
3.49315789
3.49726315
3.49700001
3.49531578
3.49863155
3.50073684
3.50021057
3.49952630
3.49684212
3.49573684
3.49889476
3.50173685
3.50568421
3.51042108
3.51121055
3.51157894
3.51384211
3.51326314
3.50957892
3.50657895
3.50778948
3.51210526
3.51400000
3.51305266
3.51157896
3.51005265
3.51110527
3.51363159
3.51489471
3.51715790
3.51968421
3.52036843
3.52178949
3.52326315
3.52399999
3.52710525
3.53052632
3.53042106
3.53063157
3.53136841
3.53021051
3.52584212
3.51889474
3.51415788
3.51068420
3.50315790
3.49894736
3.49757893
3.49205264
3.49310526
3.49957893
3.49584211
3.49005262
3.48884211
3.48563155
3.48778944
3.49484212
3.49757896
3.50584209
3.51621055
3.51442104
3.51273682
3.51463159
3.50589474
3.49657897
3.49510528
3.49199998
3.48842103
3.49073685
3.49431579
3.49489473
3.49321050
3.49315791
3.49421051
3.49057898
3.48963158
3.49663155
3.50236840
3.50926318
3.51905263
3.52057895
3.51794739
3.51989473
3.51952632
3.51842104
3.52052633
3.51863160
3.51463158
3.51363158
3.51152630
3.50847370
3.50605263
3.50105264
3.49526315
3.48984209
3.48821051
3.49068420
3.49057891
3.48863157
3.49157895
3.49289473
3.49157896
3.49526319
3.50063156
3.50084213
3.49826317
3.49568420
3.49189472
3.48815792
3.48857896
3.49173683
3.49010527
3.48800000
3.49089472
3.48963161
3.48631578
3.48747368
3.48394738
3.47957897
3.48300003
3.48189474
3.48078946
3.49247368
3.49821050
3.49284212
3.49842106
3.50715790
3.50505265
3.50442107
3.51057894
3.51431578
3.51521050
3.51678947
3.51947367
3.52042104
3.51957896
3.52121053
3.52394740
3.52368423
3.52394738
3.52378947
3.52136840
3.51952632
3.51842107
3.51868424
3.52326315
3.52742104
3.52721053
3.52668422
3.52636842
3.52631580
3.52615789
3.52399998
3.52284208
3.52463159
3.52768422
3.53094736
3.53152632
3.53110526
3.53326316
3.53252634
3.53026315
3.53221053
3.53210528
3.53047368
3.53326318
3.53215786
3.53142105
3.53868422
3.53905262
3.53563157
3.54473685
3.54947367
3.54263156
3.54226317
3.54431580
3.54052633
3.54015788
3.54368421
3.54678948
3.54921054
3.54794736
3.54726317
3.54742106
3.54178948
3.53926312
3.54294737
3.54000002
3.53557896
3.53989471
3.54421054
3.54268418
3.53894736
3.53668422
3.53868421
3.53799999
3.53257895
3.53099999
3.53257897
3.53342105
3.53484210
3.53510528
3.53615788
3.53973685
3.53978948
3.53984210
3.54415791
3.54142104
3.53289474
3.52663157
3.51663157
3.50505264
3.49942106
3.49521054
3.49031581
3.48889475
3.48763159
3.48721053
3.48747372
3.48384208
3.47878946
3.47399998
3.46878949
3.46942109
3.47421055
3.47315789
3.47078948
3.47221050
3.47305262
3.47300001
3.47368420
3.47468419
3.47810529
3.48600000
3.49747370
3.50642105
3.50252635
3.49021053
3.48273684
3.48063160
3.47731579
3.47652632
3.48047368
3.48715788
3.49452630
3.50278948
3.51294736
3.51899998
3.51468423
3.50942105
3.51157897
3.51015791
3.50578948
3.50968419
3.51178947
3.50484210
3.50363157
3.50963158
3.50984211
3.50636842
3.50421053
3.50168421
3.49957897
3.49736840
3.49526317
3.49463159
3.49221052
3.48863158
3.48847367
3.48478945
3.47752629
3.47600000
3.47715790
3.47921055
3.48589476
3.48926317
3.48710527
3.48989475
3.49389473
3.49578944
3.50431580
3.51515790
3.51973682
3.52173684
3.52121050
3.51821053
3.51663157
3.51400001
3.50894740
3.50331580
3.49542106
3.48668422
3.48115787
3.47768420
3.47573684
3.47484210
3.47331578
3.47457893
3.47789474
3.48078948
3.48731577
3.49863157
3.51184211
3.52526317
3.53236844
3.52742108
3.51463158
3.50063159
3.48842106
3.48231579
3.48784210
3.50000001
3.50136843
3.48794737
3.47773685
3.47157897
3.45631580
3.44315788
3.44373685
3.44873686
3.45742104
3.46978945
3.47726316
3.48168421
3.48657895
3.49010524
3.49689474
3.50589474
3.51005265
3.51136839
3.51252633
3.51310524
3.51563156
3.51736842
3.51794735
3.52236841
3.52689472
3.52794736
3.52947367
3.53052632
3.52821053
3.52457895
3.51889474
3.51321052
3.51073687
3.50684211
3.49921051
3.49405263
3.49442107
3.49657894
3.49647365
3.49589471
3.49510526
3.49294738
3.49294737
3.49742105
3.50347368
3.51063156
3.51684211
3.51757894
3.51552629
3.51236845
3.50826316
3.50915791
3.51242105
3.51121052
3.51194738
3.51542105
3.51621051
3.51899998
3.52036844
3.51647371
3.51689473
3.52278947
3.52573684
3.52484211
3.51978949
3.51563158
3.52047369
3.52242103
3.51463157
3.50994735
3.50626316
3.49694738
3.48994734
3.48531578
3.47984211
3.47773685
3.47505264
3.47178949
3.47499999
3.47847369
3.47957893
3.48468424
3.49010528
3.49147369
3.49421054
3.49726317
3.49863160
3.50289475
3.50852632
3.51121053
3.51294736
3.51563156
3.51647366
3.51605264
3.51821054
3.52110528
3.52131579
3.52047369
3.51926315
3.51752631
3.51957893
3.52321055
3.52242103
3.51973685
3.52021053
3.52242103
3.52384212
3.52415791
3.52694736
3.53100002
3.52910529
3.52410527
3.52305265
3.52073684
3.51605262
3.51300000
3.50768421
3.50236841
3.50189471
3.50173684
3.50236841
3.50468419
3.50173687
3.49921054
3.50484208
3.50963160
3.51457893
3.52426314
3.52926316
3.52942104
3.53268421
3.53236845
3.52584209
3.52242105
3.52447366
3.52784211
3.53142106
3.53531581
3.53778951
3.53636841
3.53363157
3.53284209
3.53057896
3.52700001
3.52410525
3.51942106
3.51378948
3.51010523
3.50678950
3.50742106
3.51226318
3.51384209
3.51305262
3.51447369
3.51863160
3.52389474
3.52789472
3.53010523
3.53221058
3.53115791
3.52605261
3.52173683
3.51557896
3.50463156
3.49352631
3.48457895
3.47789473
3.47452632
3.46921052
3.46026316
3.45068423
3.44110528
3.43584211
3.43215787
3.42457893
3.42136842
3.42515790
3.42584210
3.42694734
3.43468423
3.44336842
3.45136843
3.46073683
3.47047367
3.47836845
3.48000000
3.47831576
3.48200002
3.48705263
3.49105262
3.49921055
3.50621054
3.51000002
3.51831576
3.52673686
3.52905264
3.53115790
3.53468421
3.53626315
3.53710526
3.53984210
3.54542107
3.54668420
3.54015788
3.53521053
3.53447368
3.53215790
3.52873684
3.52447369
3.52194734
3.53068423
3.54399999
3.54857897
3.54984211
3.55663158
3.57015792
3.58805266
3.59863157
3.59405263
3.58142107
3.57021050
3.56152632
3.55426315
3.54668425
3.54131581
3.53899998
3.53784211
3.53968420
3.54157896
3.53978949
3.54005265
3.54284211
3.54068424
3.53847371
3.54326317
3.55089475
3.55747366
3.56168422
3.56389472
3.56542104
3.56721052
3.56936840
3.57126314
3.57078948
3.57105264
3.57400003
3.57442106
3.57331579
3.57521049
3.57694734
3.57531583
3.57147369
3.56599998
3.55815790
3.54710528
3.53642106
3.53152634
3.53036842
3.52900001
3.52510526
3.51784210
3.51499999
3.52057898
3.52173684
3.51447371
3.51073685
3.51168423
3.51284213
3.51742106
3.52347369
3.52736844
3.53063159
3.53357893
3.53431581
3.53447368
3.53405267
3.53184207
3.52721053
3.52221050
3.51836843
3.51531579
3.51405262
3.51457896
3.51415788
3.51410528
3.51473687
3.51363156
3.51489474
3.52084210
3.52515788
3.52694738
3.52831578
3.52536842
3.51963159
3.51442103
3.50921054
3.50747370
3.50678948
3.50015790
3.48973684
3.47894734
3.46831578
3.46331578
3.46568424
3.46878946
3.47005263
3.46942105
3.46800000
3.46742104
3.46610526
3.46810525
3.47573686
3.48047369
3.48363159
3.49189472
3.49621052
3.49110524
3.48842103
3.48831581
3.48089475
3.47389474
3.47694737
3.47984207
3.47531578
3.47689473
3.48726314
3.49331579
3.49505263
3.50036841
3.50594740
3.51215790
3.52284209
3.52968422
3.53026318
3.53242104
3.53500001
3.53552633
3.53763161
3.53999998
3.53931579
3.53742103
3.53568425
3.53415790
3.53257896
3.53157894
3.52900000
3.52363155
3.51952631
3.51731578
3.51157896
3.50531581
3.50178951
3.49615792
3.49100001
3.48926317
3.48521054
3.48142107
3.48505262
3.48968421
3.48863160
3.48542104
3.48442105
3.48742108
3.49178944
3.49621054
3.50389472
3.51010524
3.51178945
3.51621053
3.52242105
3.52836842
3.53494737
3.53736843
3.53673683
3.53847369
3.53710529
3.53505263
3.54026316
3.54410528
3.54415789
3.54552631
3.54210527
3.53973683
3.54542107
3.54747366
3.54936844
3.55478945
3.54815789
3.53684213
3.53552631
3.53000000
3.51731577
3.51189472
3.51057893
3.50710528
3.50568423
3.50536841
3.50536842
3.50494737
3.50352630
3.50763155
3.51410526
3.51673683
3.52121053
3.52752633
3.53015789
3.53157895
3.53268418
3.53342102
3.53573681
3.53463157
3.52926316
3.52452633
3.51821053
3.51131580
3.50826315
3.50536841
3.50352634
3.50605264
3.50873681
3.50863159
3.50552634
3.50026315
3.50036841
3.50642105
3.51294739
3.52110526
3.52694739
3.52552630
3.52415788
3.52763156
3.52999998
3.52831580
3.52442104
3.52415788
3.52915790
3.53031581
3.52563158
3.52431581
3.52768422
3.52910527
3.52752632
3.52678950
3.52878946
3.52815791
3.52452630
3.52368422
3.52410529
3.52442106
3.52826316
3.53005261
3.52621054
3.52331577
3.52157891
3.51636843
3.51047370
3.50552634
3.50147370
3.50105262
3.50363157
3.50715788
3.50794734
3.50463156
3.50221051
3.50389472
3.50557897
3.50884212
3.51521055
3.52089473
3.52378946
3.52447367
3.52652633
3.53142105
3.53294737
3.53105261
3.53163155
3.53284211
3.53305263
3.53310528
3.53005264
3.52763159
3.52863157
3.52468423
3.52142106
3.52584212
3.52663158
3.52426315
3.52973685
3.53236842
3.52578946
3.52347369
3.52663157
3.52747368
3.52905260
3.53331581
3.53426318
3.52805260
3.52036840
3.51805263
3.51757892
3.51157896
3.50305266
3.50036843
3.50373683
3.50957897
3.51784209
3.52731579
3.53015789
3.52952634
3.54215790
3.56178948
3.56421052
3.55131578
3.54094736
3.53415787
3.52721051
3.52131578
3.51805265
3.51847369
3.52047371
3.52194738
3.52357893
3.52426316
3.52457892
3.52599999
3.52452631
3.52100002
3.51910524
3.51594737
3.51331581
3.51078948
3.50342105
3.49742104
3.49873683
3.50005264
3.50073685
3.50215791
3.49794735
3.49521052
3.49999999
3.50421052
3.50836841
3.51547368
3.51621053
3.51373684
3.51615791
3.51468422
3.50705263
3.50268422
3.50173686
3.49857892
3.49521056
3.49526317
3.49452629
3.49347370
3.49726316
3.50078946
3.50005262
3.50315791
3.50626318
3.50063157
3.49699999
3.50226316
3.50573683
3.50768422
3.50989472
3.50915791
3.51236842
3.51942108
3.51852634
3.51626317
3.51884211
3.51547369
3.50905265
3.51136843
3.51594738
3.51647363
3.51778948
3.51926319
3.51905265
3.52057895
3.52442102
3.52652633
3.52626315
3.52615789
3.52678948
3.52589474
3.52194738
3.51868424
3.51910527
3.51768420
3.51189475
3.50889471
3.50821053
3.50478948
3.50215788
3.50205264
3.50010527
3.50005262
3.50268420
3.50226317
3.50315787
3.50957893
3.51421053
3.51678944
3.52005260
3.51973684
3.51521053
3.51136842
3.50726317
3.50168423
3.49773684
3.49815790
3.49973683
3.49889470
3.50063158
3.50426312
3.49957896
3.49621052
3.50489475
3.51247368
3.51215789
3.51347367
3.51600001
3.51947367
3.52626317
3.52926318
3.52768422
3.52842106
3.52689474
3.52152630
3.51652632
3.51273687
3.51068421
3.50957896
3.50531576
3.49857892
3.49289476
3.48663159
3.48005263
3.47510527
3.47410528
3.47852633
3.48499999
3.48878946
3.49089472
3.49415789
3.49784209
3.49999999
3.50131580
3.50363158
3.50305264
3.49863161
3.49794737
3.50057895
3.50026315
3.50068420
3.50310526
3.50442107
3.50589475
3.50657894
3.50778948
3.51342105
3.51721051
3.51600000
3.51510526
3.51268424
3.50731579
3.50384212
3.50205263
3.50194738
3.50521053
3.50778950
3.50873684
3.50752632
3.50010526
3.49242104
3.48831581
3.48278946
3.48052632
3.48189474
3.47715789
3.47436842
3.48100002
3.48563158
3.48484211
3.48410527
3.48363159
3.48521053
3.49178949
3.49994737
3.50773684
3.51273684
3.50978949
3.50221055
3.49915791
3.50026315
3.49584211
3.48747368
3.48668423
3.48726316
3.48047368
3.47705263
3.48268423
3.48652634
3.48810527
3.49163157
3.49221053
3.48989468
3.48852633
3.48763157
3.48821051
3.49005264
3.49210525
3.49589473
3.49931580
3.50005263
3.50278947
3.50915789
3.51400001
3.51589475
3.51705263
3.51926315
3.51852631
3.51394736
3.50989476
3.50626315
3.50257895
3.50194737
3.50231580
3.49963160
3.49657895
3.49421051
3.49126313
3.48789472
3.48373683
3.48489475
3.49010527
3.49042105
3.49194737
3.50110527
3.50442106
3.49942105
3.49957892
3.50357896
3.50647367
3.51289475
3.52115791
3.52663156
3.52678948
3.52484211
3.52615789
3.52936841
3.52994738
3.53173682
3.53605265
3.53942104
3.53994734
3.53715791
3.53378947
3.53163156
3.52426314
3.51457896
3.51147370
3.50778949
3.49973684
3.49684211
3.49884211
3.50052633
3.50310526
3.50478947
3.50305264
3.50005265
3.50042105
3.50478952
3.50889474
3.51073683
3.51500000
3.51889473
3.51921051
3.52031579
3.51905264
3.51484211
3.51336842
3.51010528
3.50342106
3.50115788
3.50031577
3.49636840
3.49273685
3.48968419
3.49284210
3.50568419
3.51810527
3.52647368
3.53405266
3.54226318
3.55542104
3.56636839
3.55794741
3.53768421
3.51921051
3.50184211
3.49042104
3.48947371
3.48968421
3.48884212
3.48957894
3.49031578
3.49157895
3.49421054
3.49984212
3.50936841
3.51442105
3.51510525
3.51999999
3.52400000
3.52200002
3.52126316
3.52168418
3.51815790
3.51210525
3.50573687
3.50236843
3.50168421
3.49863160
3.49821053
3.50647368
3.51226318
3.50999997
3.50863159
3.51084210
3.51273683
3.51652629
3.52400000
3.52757897
3.52552630
3.52647370
3.52989473
3.52921050
3.52868421
3.52994734
3.52894735
3.52868420
3.53142107
3.53321052
3.53568422
3.53621055
3.53152633
3.52968421
3.53242104
3.53215790
3.53168417
3.53305263
3.53310527
3.53157893
3.53031579
3.52957899
3.53026315
3.52957894
3.52852634
3.53026315
3.53194737
3.53178946
3.53005263
3.52436841
3.51557894
3.50757896
3.49947369
3.49094739
3.48236841
3.47552632
3.47115790
3.46542107
3.45752633
3.45236843
3.44763159
3.44131580
3.43689476
3.43157898
3.42673684
3.42489472
3.41973688
3.41715788
3.42447369
3.42973683
3.43063158
3.44105262
3.45394736
3.45663159
3.45563160
3.45821054
3.46257893
3.46705262
3.47057894
3.47436843
3.47926319
3.48605263
3.49300003
3.49594735
3.49805262
3.50684212
3.51373684
3.51315789
3.51584208
3.52394736
3.53052631
3.53736842
3.54373683
3.54542104
3.54668422
3.54931579
3.55000003
3.54842104
3.54789475
3.55010527
3.55173686
3.55026315
3.54926317
3.54989475
3.54957894
3.54799998
3.54515789
3.54015791
3.53547367
3.53215790
3.53115791
3.53100003
3.53100001
3.53505259
3.53889472
3.53584210
3.53510527
3.54047368
3.54257894
3.54747369
3.55878947
3.56342104
3.56236842
3.56442105
3.56578947
3.56515790
3.56547367
3.56884211
3.57615791
3.57926315
3.57710523
3.58184210
3.58763157
3.58663157
3.58936841
3.59289471
3.58857894
3.58478949
3.58331576
3.58000001
3.57921051
3.57642107
3.56657897
3.55826314
3.55405265
3.55199999
3.55394736
3.55515790
3.55194739
3.54868422
3.54826317
3.55068423
3.55342104
3.55457896
3.55647369
3.55657895
3.55400001
3.55373686
3.55399999
3.55236844
3.55231577
3.55289474
3.55268421
3.55321055
3.54968420
3.54584213
3.54763158
3.54742107
3.54421052
3.54505264
3.54573685
3.54336845
3.54336843
3.54573684
3.54815789
3.54742107
3.54657891
3.54989474
3.55100002
3.54805264
3.54963158
3.54900000
3.54015790
3.53589474
3.53447368
3.52484211
3.51273686
3.50331578
3.49494738
3.49031579
3.48947368
3.48936843
3.48499999
3.47468420
3.47073687
3.47463156
3.47647368
3.48010530
3.48842106
3.49284213
3.49647370
3.50084210
3.50178949
3.50663158
3.51552630
3.52000002
3.52673684
3.53573686
3.53726317
3.53752634
3.54073683
3.54289475
3.54684210
3.55057898
3.54947369
3.54652631
3.53957895
3.52952631
3.52152634
3.51178949
3.49947368
3.49036843
3.48442105
3.48268422
3.48305263
3.47742105
3.46952637
3.46494738
3.46194737
3.46526317
3.47584212
3.48463159
3.49005262
3.49336843
3.49642105
3.50263156
3.50815791
3.51115790
3.51589475
3.51794736
3.51789474
3.52210527
3.52042105
3.50973683
3.50252631
3.49857894
3.49336842
3.49221054
3.49221051
3.48684208
3.47815790
3.46968422
3.46563156
3.46599999
3.46678949
3.46768421
3.47315789
3.48457894
3.50131580
3.51742106
3.52831581
3.53663155
3.54515792
3.55294738
3.54936841
3.52747369
3.50563156
3.49842104
3.49336841
3.48663157
3.48805264
3.49347367
3.49568420
3.49826316
3.50321052
3.50715790
3.50763157
3.50652633
3.50500004
3.50142105
3.49836846
3.49831579
3.49699998
3.49636841
3.49889475
3.49673686
3.49310525
3.49610526
3.49905264
3.50084211
3.50515790
3.50642108
3.50731579
3.51315788
3.51700000
3.51910529
3.52157895
3.51947367
3.51726314
3.51857896
3.51805266
3.51521052
3.50936842
3.50042107
3.49710527
3.49568418
3.49247369
3.49421053
3.49478947
3.48810527
3.48578945
3.48642104
3.48447372
3.48857895
3.49599998
3.50100001
3.50773683
3.50921051
3.50547365
3.50710527
3.50626317
3.49805262
3.49573683
3.49663155
3.49531577
3.49926315
3.50552633
3.50789474
3.51021053
3.51142102
3.50931578
3.50831578
3.51057894
3.51452632
3.51789472
3.51931581
3.52142107
3.52373685
3.52431582
3.52421053
3.52510525
3.52552633
3.52652634
3.52721053
3.52778945
3.53094738
3.53468421
3.53247367
3.52763158
3.52621055
3.52694735
3.52794736
3.53173684
3.53378948
3.53031579
3.52852632
3.52952630
3.52815788
3.52900002
3.53247369
3.52936844
3.52689475
3.52994737
3.52878950
3.52363157
3.52226315
3.52210525
3.52268421
3.52552634
3.52505262
3.52268422
3.52363158
3.52489471
3.52547368
3.52542106
3.52484210
3.52494737
3.52557896
3.52473684
3.52447367
3.52705265
3.53073681
3.53063159
3.52626317
3.52421052
3.52047369
3.51110524
3.50910527
3.51257893
3.50742105
3.50268424
3.51026319
3.51631578
3.51394736
3.51121052
3.51173687
3.51615788
3.51900001
3.51415790
3.50752632
3.50263161
3.49900002
3.50042103
3.50373685
3.50336841
3.50399999
3.50526317
3.50373687
3.50378947
3.50721051
3.51078948
3.51373684
3.51547372
3.51768421
3.51989476
3.52057896
3.52163158
3.52473686
3.52600000
3.52431580
3.52263158
3.52221049
3.52310527
3.52189474
3.51931579
3.52221056
3.52763157
3.52789472
3.52515790
3.52573686
3.52847370
3.52694738
3.52457897
3.52878948
3.53194736
3.52805264
3.52968422
3.53652635
3.53342103
3.52547370
3.52242105
3.51984210
3.51710528
3.51205266
3.50347368
3.49947367
3.50036846
3.49900000
3.50089473
3.50526314
3.50168421
3.49652629
3.50099999
3.51200000
3.52010528
3.52310525
3.52342109
3.52015790
3.51384209
3.51194732
3.51194737
3.50736844
3.50552633
3.50784211
3.50542107
3.50368422
3.50552632
3.50184209
3.49684212
3.49831579
3.50373685
3.51157896
3.51815790
3.51889477
3.51978946
3.52068422
3.51731581
3.51352635
3.51073684
3.50805264
3.50673687
3.50342104
3.50084209
3.50405263
3.50584211
3.50431582
3.50626314
3.50736840
3.50668417
3.51126318
3.51605265
3.51478947
3.51394737
3.51747369
3.52089473
3.52321049
3.52578946
3.52789472
3.52826317
3.52752633
3.52689473
3.52710525
3.53021052
3.53247368
3.53057891
3.53121054
3.53563161
3.53578946
3.53515788
3.53778950
3.53747370
3.53821050
3.54331579
3.54184215
3.53594737
3.53557897
3.53594739
3.53373687
3.53652632
3.54168419
3.54331579
3.54205263
3.54047366
3.53689477
3.53173685
3.52857897
3.52768424
3.52699999
3.52526315
3.52436842
3.52489474
3.52610527
3.52636845
3.52694739
3.52905265
3.52863159
3.52494735
3.52221052
3.51652634
3.50763160
3.50342107
3.50094740
3.49673688
3.49589475
3.49578947
3.49263159
3.48957894
3.48557894
3.47726316
3.46626317
3.45531578
3.45100003
3.45857893
3.47121050
3.48042106
3.48257895
3.48200001
3.49084210
3.50831580
3.51768421
3.51368423
3.50436840
3.49436841
3.48731580
3.48394740
3.48610527
3.49263158
3.49836842
3.50484213
3.51168422
3.50547370
3.49194736
3.48731580
3.47836843
3.45668418
3.44121050
3.43347368
3.42021054
3.41178945
3.41763159
3.42378946
3.42078946
3.41684212
3.41831580
3.42136843
3.42905262
3.44552632
3.46336844
3.47721054
3.48878946
3.49347372
3.49121053
3.49189473
3.49373688
3.49057897
3.48705264
3.48457898
3.48536841
3.49157896
3.49710528
3.49710527
3.49547370
3.49368417
3.49326316
3.49557896
3.49857895
3.49942103
3.49531580
3.48889474
3.48768421
3.48836840
3.48705265
3.48731578
3.48710526
3.48505264
3.48521051
3.48131578
3.47552632
3.48289476
3.49478948
3.49984211
3.50631579
3.51057894
3.50557894
3.50184207
3.50126318
3.49821052
3.49947372
3.50294737
3.50194738
3.50136843
3.50147367
3.49984210
3.50157895
3.50526320
3.50452633
3.50394739
3.50384211
3.50131577
3.50221055
3.50631577
3.50500001
3.50247369
3.50473684
3.50657893
3.50715790
3.51194735
3.51368424
3.50894736
3.50573682
3.50278948
3.49399998
3.48257897
3.46957896
3.45763158
3.45015791
3.44278948
3.43515788
3.42821053
3.41984209
3.41199999
3.40573686
3.39631579
3.39331579
3.40363159
3.41689475
3.43073684
3.44605267
3.45273682
3.45299999
3.45457894
3.45589477
3.46131580
3.47068420
3.47526315
3.47963159
3.48663158
3.48936843
3.49257896
3.49473685
3.49063158
3.49005264
3.49631577
3.49915791
3.49889475
3.49942108
3.50084212
3.50231580
3.50115793
3.49836841
3.49836843
3.49736844
3.49736845
3.50136840
3.50078949
3.49736844
3.49878946
3.50005262
3.49994734
3.50147368
3.50294735
3.50742105
3.50942107
3.50478945
3.50236843
3.50131579
3.49710525
3.50089475
3.50736841
3.50273685
3.49847366
3.49831578
3.49405264
3.49089471
3.48915790
3.48399997
3.48110528
3.48121052
3.48221054
3.48531579
3.48757893
3.49073685
3.49589475
3.49694736
3.49868422
3.50494736
3.50752632
3.50915791
3.51257896
3.51142107
3.51015792
3.51336844
3.51500000
3.51742105
3.51957896
3.51642105
3.51310525
3.51157897
3.50768422
3.50552632
3.50421052
3.50226318
3.50410525
3.50336844
3.49868421
3.49873686
3.49978948
3.49557897
3.49242104
3.49326313
3.49494738
3.49278947
3.48842104
3.49010526
3.49368422
3.49052631
3.48905265
3.49347370
3.49300000
3.48763158
3.48663158
3.49047371
3.49294735
3.49084210
3.49268423
3.49926317
3.49721053
3.49236844
3.49742105
3.50005263
3.49621052
3.49784211
3.49978946
3.49684207
3.49752632
3.50147367
3.50510524
3.50747368
3.50789475
3.50868420
3.50736845
3.49873686
3.49247365
3.48978948
3.48236846
3.47500001
3.46978949
3.46231578
3.45836841
3.45778947
3.45431580
3.45194738
3.45100001
3.44821053
3.44868424
3.45326317
3.46031580
3.47184212
3.48289474
3.49031580
3.49636843
3.49989474
3.49978948
3.49847371
3.49547370
3.49136841
3.48757896
3.48310528
3.47894738
3.47515791
3.47347369
3.47426318
3.47236840
3.47078948
3.47357894
3.47205262
3.46789474
3.47221053
3.47889471
3.48005263
3.48242106
3.48957893
3.49589474
3.49878948
3.49821055
3.49710528
3.49373684
3.48994737
3.49247369
3.49468421
3.49294738
3.49763157
3.50415789
3.50115787
3.49831576
3.50110525
3.50189472
3.50173684
3.49936841
3.49578950
3.49768421
3.49900003
3.49352634
3.48952633
3.48952632
3.48752632
3.48321053
3.47626316
3.46694736
3.45705264
3.45005261
3.45205261
3.46105264
3.46884212
3.47715789
3.48757897
3.49742104
3.50968419
3.51926316
3.51631579
3.50647368
3.49968423
3.49731580
3.49768424
3.49615792
3.49636845
3.50247369
3.50510528
3.50221051
3.50300000
3.50426315
3.50163157
3.49878947
3.49647370
3.49678947
3.50157896
3.50405261
3.50236841
3.50094739
3.49721051
3.49252629
3.49205262
3.49263157
3.48884209
3.48605262
3.48842104
3.49015789
3.48652634
3.48473685
3.48694736
3.48652631
3.48536843
3.48715787
3.48457893
3.47778946
3.47705263
3.48284211
3.48900001
3.49336843
3.49752634
3.50099998
3.49868426
3.49236840
3.48584213
3.47700002
3.46678945
3.45768422
3.44631582
3.43842103
3.44247369
3.44852634
3.45310528
3.46000004
3.45889474
3.45015793
3.44536843
3.43799998
3.42494739
3.41647368
3.41052631
3.40342104
3.40305266
3.40615787
3.40731579
3.40763160
3.40626317
3.40342103
3.40273686
3.40563157
3.41573684
3.43089473
3.44121054
3.44531579
3.44952632
3.45668420
3.46278949
3.46036842
3.45484214
3.45689472
3.46115789
3.46157896
3.46442105
3.46878946
3.46894737
3.46921052
3.47394734
3.47768421
3.47794737
3.47947368
3.48484213
3.48626319
3.47989474
3.47336844
3.46868419
3.46105263
3.45631581
3.45863158
3.45789473
3.45215789
3.45031580
3.45157896
3.44884209
3.44626316
3.44889476
3.45257894
3.45605260
3.46373684
3.47189475
3.47736842
3.48394735
3.48968421
3.49057895
3.48984210
3.49136843
3.49321055
3.49305265
3.49136844
3.49363158
3.49973687
3.50210527
3.49984211
3.49742106
3.49368424
3.49236842
3.49478947
3.49678947
3.49894738
3.50194737
3.50278948
3.50378948
3.50473684
3.50363159
3.50542105
3.50694735
3.50400001
3.50157893
3.49684213
3.48615786
3.47905260
3.47336841
3.46015789
3.45010525
3.44805263
3.44310527
3.43578948
3.43121053
3.42652631
3.42042103
3.41547369
3.41726316
3.42605262
3.43515789
3.44505266
3.45836841
3.46652632
3.46778947
3.46873684
3.46842107
3.46684212
3.47105263
3.47752634
3.47815788
3.47747369
3.48073683
3.48457896
3.48605262
3.48884210
3.49084212
3.48847370
3.48763157
3.49089473
3.49310529
3.49552633
3.49889476
3.49931581
3.49926314
3.49994735
3.49952631
3.49868423
3.49563159
3.48884214
3.48415788
3.47947368
3.47026314
3.46121055
3.45363158
3.44526317
3.43821053
3.43015791
3.42247369
3.42231578
3.42636842
3.43200002
3.44052633
3.44610525
3.44952631
3.45747367
3.46589476
3.47326316
3.48278947
3.48715790
3.48936844
3.49642107
3.50157893
3.50273683
3.50673685
3.51157892
3.51299999
3.51184210
3.51268422
3.51831579
3.52157897
3.51831580
3.51863157
3.52163159
3.51763158
3.51347369
3.51784210
3.52268421
3.52131579
3.51905265
3.51889473
3.51468422
3.50826315
3.50952629
3.51478948
3.51615789
3.51842106
3.52231581
3.51989471
3.51647364
3.51626317
3.51447369
3.51252632
3.51447370
3.51626315
3.51652629
3.51563155
3.51642104
3.51836838
3.51763156
3.51647368
3.51757895
3.51547366
3.51184212
3.51278949
3.51236840
3.51031580
3.51194736
3.51247370
3.51263160
3.51568421
3.51678948
3.51431577
3.51289475
3.51063159
3.50768422
3.50373685
3.49878949
3.49563158
3.49500000
3.49368422
3.49284212
3.49247370
3.49057895
3.48442107
3.47452629
3.46900003
3.47021055
3.46952632
3.46942105
3.47378949
3.47489474
3.47105263
3.46810527
3.46436840
3.45963158
3.45626315
3.45563159
3.46005262
3.46815793
3.47731580
3.48868421
3.49631581
3.49731578
3.50352632
3.51721053
3.52726315
3.53089476
3.52894736
3.51921050
3.50747367
3.50315791
3.50494737
3.50473686
3.50252631
3.50499999
3.50994736
3.51015790
3.51026318
3.51368423
3.51415788
3.51431581
3.51599999
3.51531580
3.51426315
3.51468419
3.51215787
3.51026314
3.51394737
3.51800001
3.51878946
3.51863160
3.51821050
3.51436844
3.50957892
3.50605262
3.50078948
3.49310524
3.49057897
3.49352631
3.49463159
3.49499998
3.49631581
3.49526316
3.49310528
3.49489474
3.50252631
3.51231581
3.51568422
3.51447368
3.51636842
3.51789473
3.51573684
3.51757895
3.52031579
3.51826317
3.51742106
3.52052630
3.52305267
3.52257896
3.52205261
3.52347371
3.52189474
3.51794736
3.51978948
3.52131577
3.51652632
3.51647369
3.52052633
3.51710528
3.51378949
3.51552633
3.51478948
3.51536842
3.51799998
3.51431581
3.50936841
3.50931578
3.51163159
3.51468421
3.51794736
3.51836842
3.51610525
3.51226315
3.50852633
3.50457897
3.49852633
3.49421054
3.49557894
3.49831579
3.49863156
3.50068422
3.50689475
3.51289474
3.51326319
3.51268423
3.51652632
3.51931581
3.52010526
3.52278948
3.52089473
3.51494736
3.51289475
3.51068419
3.50489474
3.50131578
3.50105265
3.50210530
3.50373683
3.50463155
3.50673686
3.50894740
3.50789474
3.50863159
3.51221054
3.51236841
3.50847367
3.50089472
3.49042106
3.48463156
3.48326313
3.48384212
3.48736843
3.48721052
3.48015788
3.47463156
3.47515790
3.47821052
3.48468421
3.49326316
3.50178948
3.50747369
3.50757896
3.50784212
3.51242106
3.51457893
3.51121050
3.50715790
3.50431580
3.50336844
3.50305266
3.50284213
3.50589476
3.50868423
3.50678947
3.50394737
3.49947368
3.49215789
3.48605260
3.48105264
3.47563161
3.47252634
3.47226314
3.47457895
3.47905263
3.48194736
3.48426316
3.48621055
3.48473686
3.48657896
3.49452630
3.50168423
3.50721054
3.51405265
3.52047369
3.52521054
3.52657896
3.52615789
3.52699999
3.52426316
3.51700002
3.51173684
3.50721054
3.49978948
3.49221053
3.48421052
3.47594740
3.46789474
3.45973685
3.45552631
3.45489474
3.45505259
3.45968421
3.46468421
3.46478948
3.46831579
3.47463155
3.47842104
3.48821056
3.50247368
3.51099999
3.51726319
3.52147370
3.52110527
3.52315789
3.52578948
3.52400000
3.52431578
3.52568422
3.52457894
3.52678948
3.52968419
3.52978947
3.52936842
3.52678948
3.52163159
3.51689473
3.51021051
3.50284211
3.49652633
3.48900001
3.48510526
3.48336844
3.47957896
3.47647366
3.47263160
3.46668423
3.46889473
3.47842109
3.48399999
3.48763157
3.49236845
3.49736843
3.50568423
3.51442106
3.51915790
3.52326315
3.52578948
3.52773683
3.53084209
3.53189474
3.52994733
3.52647368
3.52121051
3.52142107
3.52984211
3.53584209
3.53605263
3.53578946
3.53552633
3.53389475
3.53078948
3.52884212
3.52621052
3.51968425
3.51410528
3.51257894
3.50778946
3.50378946
3.50431577
3.49831580
